
$orca_opt_file

$trust
    0.300000000000

$epredict
    0.000000000000

$ediffsc
  1000.000000000000

$ctyp
  3

$coordinates
 4 12
 -12.16644946   4.42641297   0.07199528 -10.24397862   4.43694964  -0.03777423
 -12.75528519   2.99092931  -1.06849305 -12.75529072   6.05258005  -0.77470483

 -12.15869701   4.42853293   0.04990260 -10.26988234   4.43703299  -0.03864331
 -12.74620960   3.01093565  -1.05498670 -12.74621505   6.03037039  -0.76524942

 -12.15327413   4.43001542   0.03445333 -10.26345442   4.43626248  -0.03061347
 -12.75213498   3.00292360  -1.05201164 -12.75214047   6.03767046  -0.76080505

 -12.14691314   4.43172731   0.01661332 -10.25685947   4.43539709  -0.02159491
 -12.75861294   2.99460443  -1.04835859 -12.75861845   6.04514313  -0.75563666


# redundant internal coordinates
#  nbonds nangles ndihedrals nimpropers ncartesians
# bond  definitions A B
# angle definitions A B C
# dihedral definitions A B C D
# improper torsion definitions A B C D
# cartesian definitions A x/y/z
$redundant_internals
 3 3 0 1 0
   1   0   0
   2   0   0
   3   0   0
   1   0   3   0   0
   2   0   3   0   0
   1   0   2   0   0
   1   3   2   0   0
$energies
 4
 -56.2137500204349081
 -56.2145777335682695
 -56.2147024808806037
 -56.2147540695415415

$gradients
 4 12
  -0.0075252294759631  -0.0020330811685171   0.0211871903622054   0.0144524243594968
   0.0002743535511666  -0.0028588466122020  -0.0034635771364057  -0.0100417532601360
  -0.0102121367558492  -0.0034636177495732   0.0118004808785619  -0.0081162069942102

  -0.0016132414315753  -0.0004279122160634   0.0044593434145335  -0.0015790915144125
   0.0002148584041216  -0.0022391266759113   0.0015961633241981   0.0020149044841098
  -0.0009269849381501   0.0015961696180564  -0.0018018506705517  -0.0012932318003500

  -0.0009448574201563  -0.0002400703924788   0.0025018206949046  -0.0007001673639246
   0.0001156882388001  -0.0012056308687447   0.0008225108216444   0.0009513934157499
  -0.0005627693114174   0.0008225139601656  -0.0008270112617983  -0.0007334205149296

  -0.0001184668595497  -0.0000172088618821   0.0001793323937349  -0.0000266927147616
   0.0000092831996275  -0.0000967413192805   0.0000725799369324   0.0000382989835954
  -0.0000380006035978   0.0000725796347684  -0.0000303733204547  -0.0000445904708275


$redundant_coords
 4 7
   1.9256309298289873   1.9256309296316061   1.9256309314708246   1.8500140966063299
   1.8500140966700289   1.8500140973510697  -1.0951155782190036
   1.8909081130891368   1.8909081091530604   1.8909081151934610   1.8612303142858355
   1.8615265551462215   1.8612303183629437  -1.0707112072874216
   1.8909498290490223   1.8909340332597773   1.8909340349308679   1.8746866549068515
   1.8751735139678485   1.8746866573448839  -1.0406147645331352
   1.8904433849659315   1.8904137121864695   1.8904137135333623   1.8897812096367301
   1.8901823561299427   1.8897812101748754  -1.0057429940778129

$redundant_gradients
 4 7
   0.0145931750648011   0.0145931767208507   0.0145931749032378  -0.0010462292166797
  -0.0025840148398287  -0.0010462302210828  -0.0027629720186014
  -0.0014715254797558  -0.0014648377036591  -0.0014648356720884  -0.0011490395786198
  -0.0028112706004777  -0.0011490389805714  -0.0031321474329281
  -0.0006578815493725  -0.0006551609274889  -0.0006551607748315  -0.0006009472930613
  -0.0014235753756780  -0.0006009469731994  -0.0016916273136105
  -0.0000247139132373  -0.0000311931362277  -0.0000311927231015  -0.0000542897285919
  -0.0000545438283643  -0.0000542896938972  -0.0001281507224001

$hessian_approx
 12 12
                  0          1          2          3          4          5    
      0       0.662963  -0.014394   0.150002  -0.409633  -0.007962   0.082966
      1      -0.014394   0.711904   0.040492  -0.001029  -0.141242  -0.013141
      2       0.150002   0.040492   0.293818   0.010719  -0.013142  -0.005552
      3      -0.409633  -0.001029   0.010719   0.444481   0.000783  -0.008152
      4      -0.007962  -0.141242  -0.013142   0.000783   0.110980   0.007652
      5       0.082966  -0.013141  -0.005552  -0.008152   0.007652   0.031976
      6      -0.126665  -0.012878  -0.082335  -0.017425  -0.060050  -0.043513
      7      -0.029751  -0.254617  -0.142600  -0.025018   0.013263   0.008212
      8      -0.120411  -0.201885  -0.174847  -0.003695   0.016563  -0.011344
      9      -0.126665   0.028300  -0.078384  -0.017425   0.067230  -0.031300
     10       0.052108  -0.316045   0.115250   0.025264   0.016998  -0.002722
     11      -0.112557   0.174536  -0.113419   0.001129  -0.011073  -0.015080
                  6          7          8          9         10         11    
      0      -0.126665  -0.029751  -0.120411  -0.126665   0.052108  -0.112557
      1      -0.012878  -0.254617  -0.201885   0.028300  -0.316045   0.174536
      2      -0.082335  -0.142600  -0.174847  -0.078384   0.115250  -0.113419
      3      -0.017425  -0.025018  -0.003695  -0.017425   0.025264   0.001129
      4      -0.060050   0.013263   0.016563   0.067230   0.016998  -0.011073
      5      -0.043513   0.008212  -0.011344  -0.031300  -0.002722  -0.015080
      6       0.128204   0.067095   0.091147   0.015884   0.005833   0.034702
      7       0.067095   0.292573   0.166705  -0.012325  -0.051219  -0.032316
      8       0.091147   0.166705   0.166696   0.032959   0.018619   0.019495
      9       0.015884  -0.012325   0.032959   0.128205  -0.083204   0.076726
     10       0.005833  -0.051219   0.018619  -0.083204   0.350266  -0.131146
     11       0.034702  -0.032316   0.019495   0.076726  -0.131146   0.109003

$bmatrix
 7 12
                  0          1          2          3          4          5    
      0      -0.999794  -0.001941   0.020211   0.999794   0.001941  -0.020211
      1       0.323580   0.760216   0.563354   0.000000   0.000000   0.000000
      2       0.323583  -0.853472   0.408508   0.000000   0.000000   0.000000
      3       0.494846   0.625977  -0.313730   0.005596  -0.475790   0.231102
      4      -0.473788   0.068273  -0.711501   0.000000   0.000000   0.000000
      5       0.494848  -0.554893  -0.427043   0.005594   0.423161   0.317363
      6       0.742101   0.098184  -1.023192   0.010740  -0.050517   0.526449
                  6          7          8          9         10         11    
      0       0.000000   0.000000   0.000000   0.000000   0.000000   0.000000
      1      -0.323580  -0.760216  -0.563354   0.000000   0.000000   0.000000
      2       0.000000   0.000000   0.000000  -0.323583   0.853472  -0.408508
      3       0.000000   0.000000   0.000000  -0.500441  -0.150187   0.082628
      4       0.236895  -0.342530   0.326158   0.236894   0.274257   0.385343
      5      -0.500442   0.131731   0.109680   0.000000   0.000000   0.000000
      6      -0.376421  -0.023834   0.248371  -0.376421  -0.023834   0.248371

