
$orca_opt_file

$trust
    0.300000000000

$epredict
    0.000000000000

$ediffsc
  1000.000000000000

$ctyp
  3

$coordinates
 6 12
 -12.16644946   4.42641297   0.07199528 -10.24397862   4.43694964  -0.03777423
 -12.75528519   2.99092931  -1.06849305 -12.75529072   6.05258005  -0.77470483

 -12.14418803   4.43265591   0.00693600 -10.25076493   4.43486984  -0.01610015
 -12.76302275   2.98636174  -1.04703900 -12.76302830   6.05298447  -0.75277369

 -12.11436824   4.44098222  -0.07983395 -10.23962734   4.43141004   0.01995576
 -12.78350142   2.96290389  -1.02369945 -12.78350700   6.07157581  -0.72539919

 -12.10114991   4.44437005  -0.11513949 -10.23127580   4.42984086   0.03630855
 -12.79428631   2.95177520  -1.01520370 -12.79429198   6.08088585  -0.71494221

 -12.09432516   4.44600587  -0.13218655 -10.22819131   4.42910279   0.04400044
 -12.79924094   2.94784930  -1.01085976 -12.79924659   6.08391401  -0.70993096

 -12.09258990   4.44639147  -0.13620505 -10.22727063   4.42891882   0.04591755
 -12.80056890   2.94699293  -1.00988157 -12.80057457   6.08456875  -0.70880777


# redundant internal coordinates
#  nbonds nangles ndihedrals nimpropers ncartesians
# bond  definitions A B
# angle definitions A B C
# dihedral definitions A B C D
# improper torsion definitions A B C D
# cartesian definitions A x/y/z
$redundant_internals
 3 3 0 1 0
   1   0   0
   2   0   0
   3   0   0
   1   0   3   0   0
   2   0   3   0   0
   1   0   2   0   0
   1   3   2   0   0
$energies
 6
 -56.1766959964367132
 -56.1794150105571362
 -56.1808647237058523
 -56.1810566554420916
 -56.1810835674360192
 -56.1810847779907405

$gradients
 6 12
  -0.0136287601250435  -0.0036820575814867   0.0383716039984767   0.0129983577629273
   0.0009418228295450  -0.0098147429042306   0.0003152253612210  -0.0063611812420716
  -0.0150203469620798   0.0003151769983806   0.0091014159951104  -0.0135365141321599

  -0.0067191462200373  -0.0017359766667550   0.0180907317406458   0.0021367264939469
   0.0005882175555318  -0.0061299286994433   0.0022912140494616   0.0003895325498837
  -0.0059980846112433   0.0022912056744362   0.0007582265627557  -0.0059627184299891

  -0.0022153298925661  -0.0003827326074047   0.0039887734217694  -0.0011045213451704
   0.0002043558821298  -0.0021296569365231   0.0016599172286775   0.0013510608082752
  -0.0008084786638318   0.0016599340111986  -0.0011726840828541  -0.0010506378213917

  -0.0010390397482445  -0.0001314791341704   0.0013700085534496  -0.0000507381515731
   0.0000664368586147  -0.0006923668653746   0.0005448926950461   0.0001642058590801
  -0.0003261810173329   0.0005448852023205  -0.0000991635829253  -0.0003514606707338

  -0.0002661215627340  -0.0000202583804554   0.0002112435711266  -0.0000571102105207
   0.0000147181823860  -0.0001533794120259   0.0001616127068768   0.0000425676955909
  -0.0000251161845706   0.0001616190643210  -0.0000370274967283  -0.0000327479745867

  -0.0000649145996233  -0.0000005819553353   0.0000059831347787   0.0000086438529987
   0.0000016161818294  -0.0000168480998081   0.0000281374257391  -0.0000111656187876
   0.0000044125003000   0.0000281333184884   0.0000101313927803   0.0000064524646672


$redundant_coords
 6 7
   1.9256309298289873   1.9256309296316061   1.9256309314708246   1.8500140966063299
   1.8500140966700289   1.8500140973510697  -1.0951155782190036
   1.8935645231135068   1.8935645035018358   1.8935645590751014   1.8974828736166676
   1.9001810031307753   1.8974828957980963  -0.9863278789002031
   1.8774192546565105   1.8770553590375811   1.8770553028483348   1.9591706244566516
   1.9649559284860241   1.9591706321796760  -0.8198106262725749
   1.8760535180821605   1.8757379999670436   1.8757380328646021   1.9832778552402559
   1.9869679718028683   1.9832778497413028  -0.7458314343648714
   1.8745087737716513   1.8744188385574454   1.8744188123373311   1.9946152142251574
   1.9959891822152456   1.9946152151157321  -0.7093745593837977
   1.8742705018546173   1.8742307486817007   1.8742307648689969   1.9973960782830722
   1.9977960491966793   1.9973960761243015  -0.7005082977493783

$redundant_gradients
 6 7
   0.0135416648236175   0.0135416733601557   0.0135416506202619  -0.0046674814109625
  -0.0115279312713305  -0.0046674879183658  -0.0123262934534899
   0.0022118282545529   0.0022922745224039   0.0022923014982790  -0.0028411513841670
  -0.0068144562839095  -0.0028411484806275  -0.0087002080847554
  -0.0012171842296883  -0.0012490757833043  -0.0012491066114555  -0.0009364883936628
  -0.0013474892017872  -0.0009364856125273  -0.0030791859611507
  -0.0001069776938797  -0.0001755012857606  -0.0001754823981168  -0.0003476224815118
  -0.0001828142428571  -0.0003476242356726  -0.0010118116257383
  -0.0000714037742824  -0.0000830272045955  -0.0000830426461203  -0.0000928993143375
   0.0000380773247159  -0.0000928985291627  -0.0002054772848126
   0.0000069502962926  -0.0000037530256255  -0.0000037431590035  -0.0000192065384361
   0.0000343946610412  -0.0000192074467709  -0.0000184307716337

$hessian_approx
 12 12
                  0          1          2          3          4          5    
      0       0.635918  -0.019399   0.202151  -0.383979  -0.006514   0.067883
      1      -0.019399   0.710828   0.051698   0.004599  -0.140975  -0.015917
      2       0.202151   0.051698   0.177038  -0.047946  -0.015916   0.023360
      3      -0.383979   0.004599  -0.047946   0.428972  -0.000933   0.009736
      4      -0.006514  -0.140975  -0.015916  -0.000933   0.110912   0.008359
      5       0.067883  -0.015917   0.023360   0.009736   0.008359   0.024601
      6      -0.125969  -0.013189  -0.079077  -0.022496  -0.059916  -0.044916
      7      -0.047039  -0.258316  -0.104050  -0.017282   0.014471  -0.004375
      8      -0.140773  -0.206495  -0.126811   0.017623   0.017721  -0.023420
      9      -0.125969   0.027989  -0.075125  -0.022498   0.067364  -0.032703
     10       0.072953  -0.311537   0.068268   0.013618   0.015593   0.011931
     11      -0.129259   0.170714  -0.073588   0.020587  -0.010165  -0.024542
                  6          7          8          9         10         11    
      0      -0.125969  -0.047039  -0.140773  -0.125969   0.072953  -0.129259
      1      -0.013189  -0.258316  -0.206495   0.027989  -0.311537   0.170714
      2      -0.079077  -0.104050  -0.126811  -0.075125   0.068268  -0.073588
      3      -0.022496  -0.017282   0.017623  -0.022498   0.013618   0.020587
      4      -0.059916   0.014471   0.017721   0.067364   0.015593  -0.010165
      5      -0.044916  -0.004375  -0.023420  -0.032703   0.011931  -0.024542
      6       0.130392   0.071871   0.090669   0.018072   0.001234   0.033324
      7       0.071871   0.289490   0.153307  -0.007547  -0.045646  -0.044881
      8       0.090669   0.153307   0.147266   0.032483   0.035466   0.002965
      9       0.018072  -0.007547   0.032483   0.130394  -0.087804   0.075348
     10       0.001234  -0.045646   0.035466  -0.087804   0.341592  -0.115665
     11       0.033324  -0.044881   0.002965   0.075348  -0.115665   0.095166

$bmatrix
 7 12
                  0          1          2          3          4          5    
      0      -0.995224   0.009322  -0.097170   0.995224  -0.009322   0.097170
      1       0.377744   0.800007   0.466152   0.000000   0.000000   0.000000
      2       0.377747  -0.874053   0.305513   0.000000   0.000000   0.000000
      3       0.511631   0.716491  -0.172627  -0.019958  -0.509992   0.155487
      4      -0.626262   0.061380  -0.639670   0.000000   0.000000   0.000000
      5       0.511634  -0.670587  -0.305727  -0.019960   0.471117   0.249632
      6       0.758081   0.116442  -1.213458  -0.052082  -0.050720   0.528565
                  6          7          8          9         10         11    
      0       0.000000   0.000000   0.000000   0.000000   0.000000   0.000000
      1      -0.377744  -0.800007  -0.466152   0.000000   0.000000   0.000000
      2       0.000000   0.000000   0.000000  -0.377747   0.874053  -0.305513
      3       0.000000   0.000000   0.000000  -0.491673  -0.206499   0.017140
      4       0.313132  -0.318144   0.292252   0.313131   0.256764   0.347419
      5      -0.491674   0.199470   0.056096   0.000000   0.000000   0.000000
      6      -0.352999  -0.032861   0.342447  -0.352999  -0.032861   0.342447

