
$orca_opt_file

$trust
    0.300000000000

$epredict
    0.000000000000

$ediffsc
  1000.000000000000

$ctyp
  3

$coordinates
 6 9
  -2.63894654   1.01028892  -0.07416823   0.32609232   0.96824601  -0.15525835
  -3.71339948   2.28298533   2.38054018
  -2.68407992   0.98111621  -0.13043500   0.12257599   1.05646422   0.01489219
  -3.46474977   2.22393984   2.26665641
  -2.72875601   0.95239164  -0.18583740  -0.10267637   1.15150034   0.19819276
  -3.19482131   2.15762828   2.13875823
  -2.73546696   0.94792484  -0.19445271  -0.05537931   1.13939975   0.17485379
  -3.23540742   2.17419567   2.17071253
  -2.74069741   0.94454765  -0.20096647  -0.06247272   1.14425586   0.18422000
  -3.22308357   2.17271675   2.16786007
  -2.74237910   0.94346183  -0.20306073  -0.06433377   1.14568065   0.18696805
  -3.21954082   2.17237778   2.16720628

# redundant internal coordinates
#  nbonds nangles ndihedrals nimpropers ncartesians
# bond  definitions A B
# angle definitions A B C
# dihedral definitions A B C D
# improper torsion definitions A B C D
# cartesian definitions A x/y/z
$redundant_internals
 2 1 0 0 0
   1   0   0
   2   0   0
   1   0   2   0   0
$energies
 6
 -342.3268330386628691
 -342.3431278544127281
 -342.3477996130740735
 -342.3483471977364161
 -342.3483680243251683
 -342.3483688677027885

$gradients
 6 9
  -0.0047945173310016  -0.0031703707241469  -0.0062634409424918   0.0348367059043499
  -0.0089767422420956  -0.0172852878359053  -0.0300421885488737   0.0121471129669475
   0.0235487287785049
  -0.0022660186033722  -0.0015169785897061  -0.0030619876890925   0.0181331911696887
  -0.0047483364079847  -0.0091571049569018  -0.0158671725555793   0.0062653149929740
   0.0122190926478586
   0.0086418805846753   0.0056499005586405   0.0108740690640260  -0.0109375502601451
  -0.0006060469423451  -0.0012288619474189   0.0022956696984168  -0.0050438536208743
  -0.0096452071151010
   0.0010268845092851   0.0006579074410365   0.0012183066292530  -0.0000442896644592
  -0.0004307935171154  -0.0008834505786029  -0.0009825948324633  -0.0002271139312441
  -0.0003348560481736
   0.0003053301224750   0.0001944771446359   0.0003293773215424  -0.0000657653922149
  -0.0000722493117121  -0.0001950210574372  -0.0002395647078910  -0.0001222278387795
  -0.0001343562628134
   0.0000260469691541   0.0000148350026703  -0.0000157651295059   0.0000045727269486
   0.0000409183157561   0.0000223642040015  -0.0000306196962236  -0.0000557533235566
  -0.0000065990731287

$redundant_coords
 6 3
   2.9664454540609495   2.9664454541532375   1.9722220489974389
   2.8114257449926927   2.8107122332332639   1.7939862282212187
   2.6614690855268743   2.6596159573689793   1.5836859770273559
   2.7121798838148270   2.7106617656458760   1.6023058244705961
   2.7131419876151983   2.7115373765092015   1.5890421454632959
   2.7138426082654354   2.7122100668840892   1.5850456057964704

$redundant_gradients
 6 3
   0.0354180523621003   0.0355810716229989   0.0545831391415161
   0.0174858622782395   0.0176143459321501   0.0320212761687700
  -0.0110330195225642  -0.0110999493249588  -0.0010360185904431
  -0.0002129479722027  -0.0001952111247599   0.0027168934064515
  -0.0001161544048280  -0.0001118774213181   0.0006241216295941
  -0.0000073693114875  -0.0000074864803293  -0.0000023447154489

$hessian_approx
 9 9
                  0          1          2          3          4          5    
      0       0.271320  -0.011295  -0.021738  -0.219992  -0.010865  -0.020921
      1      -0.011295   0.053931   0.104051  -0.005073  -0.009127  -0.017580
      2      -0.021738   0.104051   0.200754  -0.010019  -0.017550  -0.033807
      3      -0.219992  -0.005073  -0.010019   0.207710   0.003003   0.005852
      4      -0.010865  -0.009127  -0.017550   0.003003   0.004884   0.009383
      5      -0.020921  -0.017580  -0.033807   0.005852   0.009383   0.018030
      6      -0.051328   0.016368   0.031757   0.012282   0.007862   0.015068
      7       0.022160  -0.044802  -0.086501   0.002068   0.004242   0.008196
      8       0.042658  -0.086470  -0.166946   0.004166   0.008166   0.015779
                   6          7          8    
      0      -0.051328   0.022160   0.042658
      1       0.016368  -0.044802  -0.086470
      2       0.031757  -0.086501  -0.166946
      3       0.012282   0.002068   0.004166
      4       0.007862   0.004242   0.008166
      5       0.015068   0.008196   0.015779
      6       0.039045  -0.024228  -0.046825
      7      -0.024228   0.040560   0.078304
      8      -0.046825   0.078304   0.151169

$bmatrix
 3 9
                  0          1          2          3          4          5    
      0      -0.986809  -0.074514  -0.143718   0.986809   0.074514   0.143718
      1       0.175931  -0.453105  -0.873925   0.000000   0.000000   0.000000
      2       0.303300   0.197226   0.380399   0.059652  -0.167369  -0.322812
                   6          7          8    
      0       0.000000   0.000000   0.000000
      1      -0.175931   0.453105   0.873925
      2      -0.362952  -0.029857  -0.057586

