
$orca_hessian_file

$act_atom
  2

$act_coord
  2

$act_energy
     -342.348369

$hessian
9
                    0                  1                  2                  3                  4        
    0      2.0942745003E-01   5.5968419769E-03   1.0671697132E-02  -1.8768239389E-01  -2.1401822460E-02
    1      5.5968419769E-03   4.6412130577E-02   8.9173346710E-02  -1.0952456373E-02  -5.9549268078E-03
    2      1.0671697132E-02   8.9173346710E-02   1.7246694809E-01  -2.1175394497E-02  -1.0585817638E-02
    3     -1.8768239389E-01  -1.0952456373E-02  -2.1175394497E-02   1.9403355796E-01   1.1745681643E-02
    4     -2.1401822460E-02  -5.9549268078E-03  -1.0585817638E-02   1.1745681643E-02   5.8875186587E-03
    5     -4.1295842237E-02  -1.0613310104E-02  -2.0891408089E-02   2.2707830865E-02   1.0092926038E-02
    6     -2.1989520528E-02   5.4122731990E-03   1.0612490894E-02  -6.1331380721E-03   9.6816310499E-03
    7      1.5903682451E-02  -4.0971930318E-02  -7.8484521908E-02  -8.7816542859E-04   2.8257284810E-04
    8      3.0856104939E-02  -7.8466606997E-02  -1.5191992504E-01  -1.7365617811E-03   3.7214586392E-04
                    5                  6                  7                  8        
     0     -4.1295842237E-02  -2.1989520528E-02   1.5903682451E-02   3.0856104939E-02
     1     -1.0613310104E-02   5.4122731990E-03  -4.0971930318E-02  -7.8466606997E-02
     2     -2.0891408089E-02   1.0612490894E-02  -7.8484521908E-02  -1.5191992504E-01
     3      2.2707830865E-02  -6.1331380721E-03  -8.7816542859E-04  -1.7365617811E-03
     4      1.0092926038E-02   9.6816310499E-03   2.8257284810E-04   3.7214586392E-04
     5      2.0040660614E-02   1.8637408003E-02   3.9583688430E-04   8.7586512672E-04
     6      1.8637408003E-02   2.8149098747E-02  -1.5107666057E-02  -2.9277733316E-02
     7      3.9583688430E-04  -1.5107666057E-02   4.0988918600E-02   7.8116001150E-02
     8      8.7586512672E-04  -2.9277733316E-02   7.8116001150E-02   1.5136332724E-01

$vibrational_frequencies
9
    0        0.000000
    1        0.000000
    2        0.000000
    3        0.000000
    4        0.000000
    5        0.000000
    6     1080.894236
    7     2305.763492
    8     2322.581658

$normal_modes
9 9
                    0                  1                  2                  3                  4        
    0      0.0000000000E+00   0.0000000000E+00   0.0000000000E+00   0.0000000000E+00   0.0000000000E+00
    1      0.0000000000E+00   0.0000000000E+00   0.0000000000E+00   0.0000000000E+00   0.0000000000E+00
    2      0.0000000000E+00   0.0000000000E+00   0.0000000000E+00   0.0000000000E+00   0.0000000000E+00
    3      0.0000000000E+00   0.0000000000E+00   0.0000000000E+00   0.0000000000E+00   0.0000000000E+00
    4      0.0000000000E+00   0.0000000000E+00   0.0000000000E+00   0.0000000000E+00   0.0000000000E+00
    5      0.0000000000E+00   0.0000000000E+00   0.0000000000E+00   0.0000000000E+00   0.0000000000E+00
    6      0.0000000000E+00   0.0000000000E+00   0.0000000000E+00   0.0000000000E+00   0.0000000000E+00
    7      0.0000000000E+00   0.0000000000E+00   0.0000000000E+00   0.0000000000E+00   0.0000000000E+00
    8      0.0000000000E+00   0.0000000000E+00   0.0000000000E+00   0.0000000000E+00   0.0000000000E+00
                    5                  6                  7                  8        
     0      0.0000000000E+00  -1.8873136695E-02  -1.9909632235E-02   2.5419961005E-02
     1      0.0000000000E+00  -1.2222304870E-02  -1.1197140777E-02  -9.5083772481E-03
     2      0.0000000000E+00  -2.3573724578E-02  -2.1596443186E-02  -1.8339246877E-02
     3      0.0000000000E+00  -1.1689676508E-01   7.4554713842E-01  -6.4878948732E-01
     4      0.0000000000E+00   3.2071391638E-01   4.7717522674E-02  -4.8929588663E-02
     5      0.0000000000E+00   6.1857576072E-01   9.2034992500E-02  -9.4372760220E-02
     6      0.0000000000E+00   6.9683380474E-01  -1.3376048281E-01  -1.3231951285E-01
     7      0.0000000000E+00   5.4855201733E-02   2.9635017417E-01   3.4110466493E-01
     8      0.0000000000E+00   1.0580176416E-01   5.7158428452E-01   6.5790434036E-01

#
# The atoms: label  mass x y z (in bohrs)
#
$atoms
3
 P     30.97400     -2.742384441395     0.943458211006    -0.203067717637
 H      1.00800     -0.064302767486     1.145673188455     0.186953660042
 H      1.00800     -3.219566487389     2.172388862049     2.167227656302

$actual_temperature
  0.000000

$frequency_scale_factor
  1.000000

$dipole_derivatives
9
    2.4340166786E-01    3.5807708907E-02    6.6081287394E-02
    3.2744896169E-02   -4.8013860825E-02    1.6220267739E-01
    6.1624848182E-02    1.5847066986E-01    1.9194317328E-01
   -2.0650016017E-01   -1.4616480423E-02   -2.9781411146E-02
   -5.6860738315E-02    6.1572506530E-02   -4.3788262963E-02
   -1.1015118825E-01   -4.3909823965E-02   -1.2393480732E-03
   -2.3947991417E-02   -2.4236683808E-02   -4.2254297447E-02
    1.8130457891E-02    5.1911792342E-03   -1.2068923699E-01
    3.5619708573E-02   -1.1630066497E-01   -1.7562687264E-01

#
# The IR spectrum
#  wavenumber T**2 TX TY  TY
#
$ir_spectrum
9
      0.00       0.0000       0.0000       0.0000       0.0000
      0.00       0.0000       0.0000       0.0000       0.0000
      0.00       0.0000       0.0000       0.0000       0.0000
      0.00       0.0000       0.0000       0.0000       0.0000
      0.00       0.0000       0.0000       0.0000       0.0000
      0.00       0.0000       0.0000       0.0000       0.0000
   1080.89      12.5736      -2.4681      -1.1770      -2.2576
   2305.76      49.9218      -4.4266      -2.3692      -4.9713
   2322.58      52.1859       5.6541      -1.9123      -4.0694

$job_list
9
    0    1    1    1
    1    1    1    1
    2    1    1    1


$end

