
$orca_hessian_file

$act_atom
  0

$act_coord
  0

$act_energy
      -93.345071

$hessian
9
                    0                  1                  2                  3                  4        
    0      1.6735724071E+00  -7.9366892564E-02  -2.5642645581E-06  -1.2337801831E+00   5.9392448527E-02
    1     -7.9366892564E-02   7.3797544910E-02  -1.1894231089E-06   5.9035656448E-02  -4.5315170262E-02
    2     -2.5642645581E-06  -1.1894231089E-06   7.0034472065E-02   9.3825483860E-07  -5.2485585312E-07
    3     -1.2337801831E+00   5.9035656448E-02   9.3825483860E-07   1.2203997768E+00  -5.9577128312E-02
    4      5.9392448527E-02  -4.5315170262E-02  -5.2485585312E-07  -5.9577128312E-02   3.0412203392E-02
    5      1.0750207692E-06   1.7306057056E-06  -4.1458315645E-02  -9.2781727749E-07   1.9022770706E-07
    6     -4.3963165219E-01   2.0390841692E-02   1.5699477380E-06   1.3272531464E-02   1.0868235897E-04
    7      2.0412497306E-02  -2.8867374342E-02   3.9485661059E-07   1.2071076795E-04   1.5289814049E-02
    8      5.4537057297E-07   4.3981312971E-08  -2.8169066230E-02  -1.8237972634E-07   7.8928256591E-08
                    5                  6                  7                  8        
     0      1.0750207692E-06  -4.3963165219E-01   2.0412497306E-02   5.4537057297E-07
     1      1.7306057056E-06   2.0390841692E-02  -2.8867374342E-02   4.3981312971E-08
     2     -4.1458315645E-02   1.5699477380E-06   3.9485661059E-07  -2.8169066230E-02
     3     -9.2781727749E-07   1.3272531464E-02   1.2071076795E-04  -1.8237972634E-07
     4      1.9022770706E-07   1.0868235897E-04   1.5289814049E-02   7.8928256591E-08
     5      2.5495114455E-02   1.2602323564E-07  -4.8782432242E-08   1.5290130603E-02
     6      1.2602323564E-07   4.2630628621E-01  -2.0516966642E-02  -7.6661311381E-07
     7     -4.8782432242E-08  -2.0516966642E-02   1.3575037181E-02   2.1103791856E-08
     8      1.5290130603E-02  -7.6661311381E-07   2.1103791856E-08   1.3144340184E-02

$vibrational_frequencies
9
    0        0.000000
    1        0.000000
    2        0.000000
    3        0.000000
    4        0.000000
    5        0.000000
    6      710.516731
    7     2150.435903
    8     3546.227865

$normal_modes
9 9
                    0                  1                  2                  3                  4        
    0      0.0000000000E+00   0.0000000000E+00   0.0000000000E+00   0.0000000000E+00   0.0000000000E+00
    1      0.0000000000E+00   0.0000000000E+00   0.0000000000E+00   0.0000000000E+00   0.0000000000E+00
    2      0.0000000000E+00   0.0000000000E+00   0.0000000000E+00   0.0000000000E+00   0.0000000000E+00
    3      0.0000000000E+00   0.0000000000E+00   0.0000000000E+00   0.0000000000E+00   0.0000000000E+00
    4      0.0000000000E+00   0.0000000000E+00   0.0000000000E+00   0.0000000000E+00   0.0000000000E+00
    5      0.0000000000E+00   0.0000000000E+00   0.0000000000E+00   0.0000000000E+00   0.0000000000E+00
    6      0.0000000000E+00   0.0000000000E+00   0.0000000000E+00   0.0000000000E+00   0.0000000000E+00
    7      0.0000000000E+00   0.0000000000E+00   0.0000000000E+00   0.0000000000E+00   0.0000000000E+00
    8      0.0000000000E+00   0.0000000000E+00   0.0000000000E+00   0.0000000000E+00   0.0000000000E+00
                    5                  6                  7                  8        
     0      0.0000000000E+00   7.8379647432E-03   4.3608255810E-01  -1.1704759729E-01
     1      0.0000000000E+00   1.5810513958E-01  -2.1575250738E-02   5.8008656528E-03
     2      0.0000000000E+00   1.5108224819E-03  -4.7609113175E-07   2.2232948156E-07
     3      0.0000000000E+00  -3.2103221184E-03  -4.3069191236E-01   2.9018394992E-02
     4      0.0000000000E+00  -6.4762174226E-02   2.1305478883E-02  -1.4365300052E-03
     5      0.0000000000E+00  -6.1885484868E-04   4.4095226669E-07  -3.9692840704E-08
     6      0.0000000000E+00  -4.8784536327E-02   7.8860516971E-01   9.9146630196E-01
     7      0.0000000000E+00  -9.8400501699E-01  -3.8973716371E-02  -4.9159446005E-02
     8      0.0000000000E+00  -9.4029652430E-03  -4.5445219847E-07  -2.0976406580E-06

#
# The atoms: label  mass x y z (in bohrs)
#
$atoms
3
 C     12.01100     -1.911061141973     1.815945556475     0.000001889726
 N     14.00700      0.272972829771     1.707942038743    -0.000000000000
 H      1.00800     -3.908463871005     1.914935080548     0.000005669178

$actual_temperature
  0.000000

$frequency_scale_factor
  1.000000

$dipole_derivatives
9
   -2.7378616646E-01    1.5904562904E-02    4.6910668811E-07
    1.6588808099E-02    4.4121456206E-02    7.0519064182E-07
   -1.5288866928E-05   -1.0997744410E-06    4.5750075632E-02
    1.9763724491E-02   -1.6003140202E-02    9.4237673491E-07
   -1.3586133764E-02   -3.0172246475E-01   -1.6791984595E-07
    1.5776870921E-07    5.1844457755E-07   -3.1146007633E-01
    2.5773302591E-01    9.5930955486E-05   -1.0621571412E-06
    1.3620813297E-03    2.6086279566E-01    3.2595792369E-07
    2.4390296449E-06    6.8252299645E-08    2.7490449010E-01

#
# The IR spectrum
#  wavenumber eps Int TX TY TZ
#
$ir_spectrum
9
      0.00   0.00000000   0.00000000     0.000000     0.000000     0.000000
      0.00   0.00000000   0.00000000     0.000000     0.000000     0.000000
      0.00   0.00000000   0.00000000     0.000000     0.000000     0.000000
      0.00   0.00000000   0.00000000     0.000000     0.000000     0.000000
      0.00   0.00000000   0.00000000     0.000000     0.000000     0.000000
      0.00   0.00000000   0.00000000     0.000000     0.000000     0.000000
    710.52   0.00764857  38.65275142    -0.003175    -0.057869    -0.000585
   2150.44   0.00019508   0.98587008     0.005314    -0.000259    -0.000000
   3546.23   0.01372793  69.37531361     0.034714    -0.001730    -0.000000


$end

