
$orca_hessian_file

$act_atom
  0

$act_coord
  0

$act_energy
      -93.342795

$hessian
9
                    0                  1                  2                  3                  4        
    0      1.5969642460E+00  -7.5331074541E-02  -2.8842328691E-01  -1.1587091209E+00   5.5435207563E-02
    1     -7.5331074541E-02   7.1246239007E-02   1.4214308063E-02   5.4538358159E-02  -4.3597609800E-02
    2     -2.8842328691E-01   1.4214308063E-02   1.3555533503E-01   2.7634047129E-01  -1.3694763480E-02
    3     -1.1587091209E+00   5.4538358159E-02   2.7634047129E-01   1.1468140913E+00  -5.5209300858E-02
    4      5.5435207563E-02  -4.3597609800E-02  -1.3694763480E-02  -5.5209300858E-02   2.8681450455E-02
    5      2.9408721043E-01  -1.4572167767E-02  -1.1149698298E-01  -2.8885825740E-01   1.4386040080E-02
    6     -4.3803418164E-01   2.0356888755E-02   1.2351100038E-02   1.1731050282E-02   1.8727543725E-04
    7      2.0377712263E-02  -2.8051800679E-02  -6.1084452476E-04   2.0129439550E-04   1.5323633979E-02
    8     -6.1661345897E-03   3.0598917153E-04  -2.3947766948E-02   1.2741821602E-02  -6.2385249498E-04
                    5                  6                  7                  8        
     0      2.9408721043E-01  -4.3803418164E-01   2.0377712263E-02  -6.1661345897E-03
     1     -1.4572167767E-02   2.0356888755E-02  -2.8051800679E-02   3.0598917153E-04
     2     -1.1149698298E-01   1.2351100038E-02  -6.1084452476E-04  -2.3947766948E-02
     3     -2.8885825740E-01   1.1731050282E-02   2.0129439550E-04   1.2741821602E-02
     4      1.4386040080E-02   1.8727543725E-04   1.5323633979E-02  -6.2385249498E-04
     5      9.9318751684E-02  -5.5113299429E-03   2.7091786502E-04   1.2427496571E-02
     6     -5.5113299429E-03   4.2624913520E-01  -2.0558605779E-02  -6.5623315501E-03
     7      2.7091786502E-04  -2.0558605779E-02   1.2725456233E-02   3.2429041583E-04
     8      1.2427496571E-02  -6.5623315501E-03   3.2429041583E-04   1.1159657069E-02

$vibrational_frequencies
9
    0        0.000000
    1        0.000000
    2        0.000000
    3        0.000000
    4        0.000000
    5        0.000000
    6      678.699410
    7     2154.011462
    8     3542.553827

$normal_modes
9 9
                    0                  1                  2                  3                  4        
    0      0.0000000000E+00   0.0000000000E+00   0.0000000000E+00   0.0000000000E+00   0.0000000000E+00
    1      0.0000000000E+00   0.0000000000E+00   0.0000000000E+00   0.0000000000E+00   0.0000000000E+00
    2      0.0000000000E+00   0.0000000000E+00   0.0000000000E+00   0.0000000000E+00   0.0000000000E+00
    3      0.0000000000E+00   0.0000000000E+00   0.0000000000E+00   0.0000000000E+00   0.0000000000E+00
    4      0.0000000000E+00   0.0000000000E+00   0.0000000000E+00   0.0000000000E+00   0.0000000000E+00
    5      0.0000000000E+00   0.0000000000E+00   0.0000000000E+00   0.0000000000E+00   0.0000000000E+00
    6      0.0000000000E+00   0.0000000000E+00   0.0000000000E+00   0.0000000000E+00   0.0000000000E+00
    7      0.0000000000E+00   0.0000000000E+00   0.0000000000E+00   0.0000000000E+00   0.0000000000E+00
    8      0.0000000000E+00   0.0000000000E+00   0.0000000000E+00   0.0000000000E+00   0.0000000000E+00
                    5                  6                  7                  8        
     0      0.0000000000E+00  -2.5296912183E-02   4.2807920829E-01   1.1481101674E-01
     1      0.0000000000E+00   1.3160813498E-03  -2.1165329592E-02  -5.6857883123E-03
     2      0.0000000000E+00  -1.5408447013E-01  -1.2324104912E-01  -1.0236828004E-02
     3      0.0000000000E+00   2.2184447100E-02  -4.2306104985E-01  -2.7088046564E-02
     4      0.0000000000E+00  -1.1242225223E-03   2.0922146123E-02   1.3392216226E-03
     5      0.0000000000E+00   6.1202481322E-02   1.0962762511E-01   7.9975145975E-03
     6      0.0000000000E+00  -6.8416054535E-03   7.7793328827E-01  -9.9163973602E-01
     7      0.0000000000E+00  -5.9988315273E-05  -3.8531475209E-02   4.9140402927E-02
     8      0.0000000000E+00   9.8556092748E-01  -5.4866968158E-02   1.0846581536E-02

#
# The atoms: label  mass x y z (in bohrs)
#
$atoms
3
 C     12.01100     -1.911061141973     1.815945556475     0.000001889726
 N     14.00700      0.198717931065     1.711615666347    -0.565345588033
 H      1.00800     -3.908463871005     1.914935080548     0.000005669178

$actual_temperature
  0.000000

$frequency_scale_factor
  1.000000

$dipole_derivatives
9
   -2.4391292320E-01    1.4167479419E-02    1.0414269946E-01
    1.4832215466E-02    3.9244960629E-02   -5.1804376334E-03
    1.4167618935E-01   -6.9978106715E-03   -1.1081282426E-02
   -1.3262143746E-02   -1.4136760845E-02   -1.1528135936E-01
   -1.1510899769E-02   -2.9667002650E-01    5.5026461356E-03
   -1.0862065767E-01    5.3636493076E-03   -2.5911115154E-01
    2.6108890613E-01   -4.7222788684E-05    1.2462877310E-02
    1.2565935454E-03    2.6148366845E-01   -9.7612574929E-04
   -5.4101961808E-02    2.6751566625E-03    2.9929440740E-01

#
# The IR spectrum
#  wavenumber eps Int TX TY TZ
#
$ir_spectrum
9
      0.00   0.00000000   0.00000000     0.000000     0.000000     0.000000
      0.00   0.00000000   0.00000000     0.000000     0.000000     0.000000
      0.00   0.00000000   0.00000000     0.000000     0.000000     0.000000
      0.00   0.00000000   0.00000000     0.000000     0.000000     0.000000
      0.00   0.00000000   0.00000000     0.000000     0.000000     0.000000
      0.00   0.00000000   0.00000000     0.000000     0.000000     0.000000
    678.70   0.01187611  60.01698796    -0.020049     0.000966     0.071117
   2154.01   0.00032482   1.64149908     0.005420    -0.000266     0.004196
   3542.55   0.01391520  70.32169462    -0.034965     0.001743     0.000483


$end

