
$orca_hessian_file

$act_atom
  0

$act_coord
  0

$act_energy
      -93.192885

$hessian
9
                    0                  1                  2                  3                  4        
    0      8.6405724848E-01  -4.6827822309E-02   5.7736549294E-01  -5.5762863530E-01   2.8377522298E-02
    1     -4.6827822309E-02  -8.0528276819E-02  -2.8611317885E-02   2.8261574193E-02   1.1112886308E-02
    2      5.7736549294E-01  -2.8611317885E-02   5.4724371946E-01  -6.3684428233E-01   3.1863780140E-02
    3     -5.5762863530E-01   2.8261574193E-02  -6.3684428233E-01   5.5892939352E-01  -3.7463291655E-02
    4      2.8377522298E-02   1.1112886308E-02   3.1863780140E-02  -3.7463291655E-02  -1.8983451157E-01
    5     -5.8836240258E-01   2.8939065073E-02  -5.7362114650E-01   2.3676310317E-01  -1.1682238523E-02
    6     -3.0650388091E-01   1.8686543751E-02   5.9729741195E-02  -1.0510825374E-03   8.9387145504E-03
    7      1.8705404883E-02   6.9075588043E-02  -2.9813425236E-03   8.9945086913E-03   1.7901143104E-01
    8      1.1305568733E-02  -5.1763143174E-04   2.6200632932E-02   3.9970708308E-01  -1.9937994812E-02
                    5                  6                  7                  8        
     0     -5.8836240258E-01  -3.0650388091E-01   1.8705404883E-02   1.1305568733E-02
     1      2.8939065073E-02   1.8686543751E-02   6.9075588043E-02  -5.1763143174E-04
     2     -5.7362114650E-01   5.9729741195E-02  -2.9813425236E-03   2.6200632932E-02
     3      2.3676310317E-01  -1.0510825374E-03   8.9945086913E-03   3.9970708308E-01
     4     -1.1682238523E-02   8.9387145504E-03   1.7901143104E-01  -1.9937994812E-02
     5      1.5559754257E+00   3.5135136351E-01  -1.7617412187E-02  -9.8216917911E-01
     6      3.5135136351E-01   3.0740533455E-01  -2.7673527034E-02  -4.1101728895E-01
     7     -1.7617412187E-02  -2.7673527034E-02  -2.4804878903E-01   2.0540007693E-02
     8     -9.8216917911E-01  -4.1101728895E-01   2.0540007693E-02   9.5596666415E-01

$vibrational_frequencies
9
    0        0.000000
    1        0.000000
    2        0.000000
    3        0.000000
    4        0.000000
    5        0.000000
    6     1765.961122
    7     2330.848725
    8     5687.866414

$normal_modes
9 9
                    0                  1                  2                  3                  4        
    0      0.0000000000E+00   0.0000000000E+00   0.0000000000E+00   0.0000000000E+00   0.0000000000E+00
    1      0.0000000000E+00   0.0000000000E+00   0.0000000000E+00   0.0000000000E+00   0.0000000000E+00
    2      0.0000000000E+00   0.0000000000E+00   0.0000000000E+00   0.0000000000E+00   0.0000000000E+00
    3      0.0000000000E+00   0.0000000000E+00   0.0000000000E+00   0.0000000000E+00   0.0000000000E+00
    4      0.0000000000E+00   0.0000000000E+00   0.0000000000E+00   0.0000000000E+00   0.0000000000E+00
    5      0.0000000000E+00   0.0000000000E+00   0.0000000000E+00   0.0000000000E+00   0.0000000000E+00
    6      0.0000000000E+00   0.0000000000E+00   0.0000000000E+00   0.0000000000E+00   0.0000000000E+00
    7      0.0000000000E+00   0.0000000000E+00   0.0000000000E+00   0.0000000000E+00   0.0000000000E+00
    8      0.0000000000E+00   0.0000000000E+00   0.0000000000E+00   0.0000000000E+00   0.0000000000E+00
                    5                  6                  7                  8        
     0      0.0000000000E+00  -3.2105482493E-02  -2.7651213171E-01   1.3958272369E-02
     1      0.0000000000E+00   1.5787328107E-03   1.3682610884E-02  -6.9171560528E-04
     2      0.0000000000E+00  -1.1856232276E-01  -2.0184279048E-01   4.2216234431E-04
     3      0.0000000000E+00   9.3792882560E-02   1.8231632326E-01   1.8796476464E-02
     4      0.0000000000E+00  -4.6351729173E-03  -9.0211086314E-03  -9.3834945599E-04
     5      0.0000000000E+00   1.2558054565E-01   1.3714515593E-01  -6.5208582454E-02
     6      0.0000000000E+00  -9.2077178155E-01   7.6139134328E-01  -4.2751493577E-01
     7      0.0000000000E+00   4.5597923872E-02  -3.7681716996E-02   2.1281405719E-02
     8      0.0000000000E+00  -3.3229627409E-01   4.9934678308E-01   9.0109724456E-01

#
# The atoms: label  mass x y z (in bohrs)
#
$atoms
3
 C     12.01100     -1.911061141973     1.815945556475     0.000001889726
 N     14.00700     -3.450161819828     1.892059945697    -1.551461376497
 H      1.00800     -3.908463871005     1.914935080548     0.000005669178

$actual_temperature
  0.000000

$frequency_scale_factor
  1.000000

$dipole_derivatives
9
    1.9233945062E-01   -1.4769673508E-02    3.7051043918E-01
   -1.5063740715E-02   -1.0558945685E-01   -1.8383475912E-02
    3.2728651110E-01   -1.6211674150E-02    4.6336507883E-02
   -4.7419971632E-01    1.9096602984E-02   -1.9440247695E-01
    1.6973282710E-02   -8.8159866356E-02    1.0943909504E-02
   -1.1072781338E-01    5.4756479755E-03   -8.6333932269E-02
    2.8314625266E-01   -4.3937874738E-03   -1.7604416415E-01
   -3.7335148376E-03    1.9871022675E-01    7.7662819063E-03
   -2.1658731726E-01    1.0737782366E-02    4.1652061445E-02

#
# The IR spectrum
#  wavenumber eps Int TX TY TZ
#
$ir_spectrum
9
      0.00   0.00000000   0.00000000     0.000000     0.000000     0.000000
      0.00   0.00000000   0.00000000     0.000000     0.000000     0.000000
      0.00   0.00000000   0.00000000     0.000000     0.000000     0.000000
      0.00   0.00000000   0.00000000     0.000000     0.000000     0.000000
      0.00   0.00000000   0.00000000     0.000000     0.000000     0.000000
      0.00   0.00000000   0.00000000     0.000000     0.000000     0.000000
   1765.96   0.01241337  62.73207784    -0.044169     0.002214     0.015419
   2330.85   0.00566711  28.63926089    -0.010587     0.000509    -0.025424
   5687.87   0.02055423 103.87264603    -0.031345     0.001564     0.011947


$end

