
$orca_hessian_file

$act_atom
  0

$act_coord
  0

$act_energy
      -93.319976

$hessian
9
                    0                  1                  2                  3                  4        
    0      1.5869085267E+00  -7.6770017565E-02  -3.3659306306E-06  -1.2282771457E+00   6.0754566020E-02
    1     -7.6770017565E-02   4.1750489804E-02  -1.1390207903E-06   6.0628485005E-02  -5.5016125580E-03
    2     -3.3659306306E-06  -1.1390207903E-06   3.8295136552E-02   8.5396226645E-07  -1.4917142497E-07
    3     -1.2282771457E+00   6.0628485005E-02   8.5396226645E-07   1.2127281000E+00  -6.0149742577E-02
    4      6.0754566020E-02  -5.5016125580E-03  -1.4917142497E-07  -6.0149742577E-02   3.2981250494E-04
    5      1.3087186366E-06   3.2213533072E-07  -2.6826874948E-03  -1.4804755768E-06   1.2515384890E-06
    6     -3.5832806812E-01   1.6018702831E-02   1.5156941084E-06   1.5352201386E-02  -5.2574968233E-04
    7      1.5898135568E-02  -3.6046279365E-02   8.2351376560E-07  -4.6121421163E-04   5.2507718639E-03
    8      6.2788983413E-07  -4.3072678450E-08  -3.5641364993E-02  -5.7784069897E-08   6.2107328932E-08
                    5                  6                  7                  8        
     0      1.3087186366E-06  -3.5832806812E-01   1.5898135568E-02   6.2788983413E-07
     1      3.2213533072E-07   1.6018702831E-02  -3.6046279365E-02  -4.3072678450E-08
     2     -2.6826874948E-03   1.5156941084E-06   8.2351376560E-07  -3.5641364993E-02
     3     -1.4804755768E-06   1.5352201386E-02  -4.6121421163E-04  -5.7784069897E-08
     4      1.2515384890E-06  -5.2574968233E-04   5.2507718639E-03   6.2107328932E-08
     5     -2.5967219056E-03  -1.1845339268E-06  -4.4983051671E-07   5.0193150127E-03
     6     -1.1845339268E-06   3.4286977277E-01  -1.5394008970E-02  -6.3751855792E-07
     7     -4.4983051671E-07  -1.5394008970E-02   3.0515758804E-02   8.5836689493E-08
     8      5.0193150127E-03  -6.3751855792E-07   8.5836689493E-08   3.0913735074E-02

$vibrational_frequencies
9
    0        0.000000
    1        0.000000
    2        0.000000
    3        0.000000
    4        0.000000
    5        0.000000
    6      897.979173
    7     2148.274750
    8     3173.016384

$normal_modes
9 9
                    0                  1                  2                  3                  4        
    0      0.0000000000E+00   0.0000000000E+00   0.0000000000E+00   0.0000000000E+00   0.0000000000E+00
    1      0.0000000000E+00   0.0000000000E+00   0.0000000000E+00   0.0000000000E+00   0.0000000000E+00
    2      0.0000000000E+00   0.0000000000E+00   0.0000000000E+00   0.0000000000E+00   0.0000000000E+00
    3      0.0000000000E+00   0.0000000000E+00   0.0000000000E+00   0.0000000000E+00   0.0000000000E+00
    4      0.0000000000E+00   0.0000000000E+00   0.0000000000E+00   0.0000000000E+00   0.0000000000E+00
    5      0.0000000000E+00   0.0000000000E+00   0.0000000000E+00   0.0000000000E+00   0.0000000000E+00
    6      0.0000000000E+00   0.0000000000E+00   0.0000000000E+00   0.0000000000E+00   0.0000000000E+00
    7      0.0000000000E+00   0.0000000000E+00   0.0000000000E+00   0.0000000000E+00   0.0000000000E+00
    8      0.0000000000E+00   0.0000000000E+00   0.0000000000E+00   0.0000000000E+00   0.0000000000E+00
                    5                  6                  7                  8        
     0      0.0000000000E+00  -6.7145988791E-03   3.5351703832E-01   1.0976005711E-01
     1      0.0000000000E+00  -1.3592469661E-01  -1.7509753210E-02  -5.3973293679E-03
     2      0.0000000000E+00  -1.2988592190E-03  -5.7130107262E-07   1.9537211435E-07
     3      0.0000000000E+00   3.7564567579E-03  -4.7954148447E-01  -4.4771175062E-02
     4      0.0000000000E+00   7.5718345221E-02   2.3732966432E-02   2.1927466746E-03
     5      0.0000000000E+00   7.2355133025E-04   5.9578120498E-07  -1.6382914500E-07
     6      0.0000000000E+00   4.8544230536E-02   8.0164644267E-01  -9.9172870659E-01
     7      0.0000000000E+00   9.8655176681E-01  -3.9481693069E-02   4.8872333479E-02
     8      0.0000000000E+00   9.4271290204E-03   8.3956951151E-07  -7.6272355727E-07

#
# The atoms: label  mass x y z (in bohrs)
#
$atoms
3
 N     14.00700     -1.911061141973     1.815945556475     0.000001889726
 C     12.01100      0.272972829771     1.707942038743    -0.000000000000
 H      1.00800     -3.908463871005     1.914935080548     0.000005669178

$actual_temperature
  0.000000

$frequency_scale_factor
  1.000000

$dipole_derivatives
9
   -1.2251443883E+00    4.8926945884E-02    8.6691501083E-07
    4.9933832864E-02   -2.4102210102E-01    3.8147920261E-07
   -5.3212146023E-06    2.9596081141E-07   -2.3719749736E-01
    8.0805414314E-01   -4.9550963239E-02   -3.3704938509E-07
   -4.9475452952E-02   -1.8985307617E-01    1.2940763223E-07
    6.5989700371E-07    2.6580228296E-08   -1.9300384907E-01
    4.2140654933E-01    4.2030145209E-04    4.1654784659E-07
   -5.9835671032E-03    4.3913479875E-01   -4.7094554386E-08
    1.6522133439E-06   -6.8605346404E-08    4.4288289328E-01

#
# The IR spectrum
#  wavenumber eps Int TX TY TZ
#
$ir_spectrum
9
      0.00   0.00000000   0.00000000     0.000000     0.000000     0.000000
      0.00   0.00000000   0.00000000     0.000000     0.000000     0.000000
      0.00   0.00000000   0.00000000     0.000000     0.000000     0.000000
      0.00   0.00000000   0.00000000     0.000000     0.000000     0.000000
      0.00   0.00000000   0.00000000     0.000000     0.000000     0.000000
      0.00   0.00000000   0.00000000     0.000000     0.000000     0.000000
    897.98   0.02995957 151.40339443     0.003454     0.101973     0.000982
   2148.27   0.00877846  44.36272536    -0.035667     0.001750     0.000000
   3173.02   0.05656426 285.85257890    -0.074492     0.003732    -0.000000


$end

