
$orca_opt_file

$trust
    0.300000000000

$epredict
    0.000000000000

$ediffsc
  1000.000000000000

$ctyp
  3

$coordinates
 6 9
  -2.63894654   1.01028892  -0.07416823   0.32609232   0.96824601  -0.15525835
  -3.71339948   2.28298533   2.38054018
  -2.68525592   0.98053721  -0.13155174   0.13886398   1.05168746   0.00567904
  -3.47986176   2.22929559   2.27698630
  -2.73394671   0.94942673  -0.19155596  -0.08730139   1.14891997   0.19321588
  -3.20500560   2.16317356   2.14945368
  -2.74102498   0.94456688  -0.20092938  -0.04664882   1.13918476   0.17443912
  -3.23857990   2.17776863   2.17760385
  -2.74765706   0.94028944  -0.20917948  -0.05322178   1.14455252   0.18479217
  -3.22537485   2.17667831   2.17550091
  -2.75000256   0.93878628  -0.21207869  -0.05573999   1.14651243   0.18857234
  -3.22051115   2.17622155   2.17461994

# redundant internal coordinates
#  nbonds nangles ndihedrals nimpropers ncartesians
# bond  definitions A B
# angle definitions A B C
# dihedral definitions A B C D
# improper torsion definitions A B C D
# cartesian definitions A x/y/z
$redundant_internals
 2 1 0 0 0
   1   0   0
   2   0   0
   1   0   2   0   0
$energies
 6
 -341.2454298522594627
 -341.2594446113552635
 -341.2642425121759970
 -341.2646895693043234
 -341.2647164259759620
 -341.2647172860312139

$gradients
 6 9
  -0.0028540834698998  -0.0022396557257683  -0.0039389088006391   0.0305817896042034
  -0.0084381658152502  -0.0163256131861096  -0.0277277061098667   0.0106778215417774
   0.0202645219868451
  -0.0015341718889019  -0.0013359366609749  -0.0021406811255470   0.0169306682981543
  -0.0046844133350661  -0.0090162525765792  -0.0153964963892349   0.0060203499883615
   0.0111569337031704
   0.0078219700384633   0.0049409747019799   0.0101241181686005  -0.0094762397286885
  -0.0006939290753636  -0.0014075955541899   0.0016542697066548  -0.0042470456347640
  -0.0087165226125602
   0.0014318405949912   0.0006669948267007   0.0018411949435159  -0.0004555525361176
  -0.0004953210770938  -0.0010067908498228  -0.0009762880500847  -0.0001716737564595
  -0.0008344040923163
   0.0003752670226590  -0.0000090644509975   0.0005386424275030  -0.0000886538153880
  -0.0001011440394933  -0.0002519759997937  -0.0002866131870158   0.0001102084841749
  -0.0002866664261965
   0.0000180768905376  -0.0002338557503798   0.0001055538451729   0.0000098327772132
   0.0000398573528123   0.0000180482787999  -0.0000279096452931   0.0001939983921023
  -0.0001236021222253

$redundant_coords
 6 3
   2.9664454540609495   2.9664454541532375   1.9722220489974389
   2.8283471894132006   2.8269862803574739   1.8010336527630049
   2.6818982839724357   2.6786944545112847   1.5852507734725956
   2.7273504600921568   2.7250261968162817   1.5987557979470681
   2.7307358965800690   2.7282910915231833   1.5835660037549297
   2.7317983513728556   2.7292773244584025   1.5780917179569462

$redundant_gradients
 6 3
   0.0311097242030747   0.0314162994287225   0.0518767598454894
   0.0163201684237911   0.0165223786914434   0.0315052317211073
  -0.0096198887797763  -0.0098183201629295   0.0001247647260865
  -0.0006414566243946  -0.0006102246303653   0.0029268199260722
  -0.0001476213447839  -0.0001341922467558   0.0007781100474820
  -0.0000003811898545   0.0000004525165023  -0.0000016765497427

$hessian_approx
 9 9
                  0          1          2          3          4          5    
      0       0.264178  -0.015856  -0.030322  -0.213631  -0.009433  -0.018167
      1      -0.015856   0.051011   0.098560  -0.000946  -0.008229  -0.015856
      2      -0.030322   0.098560   0.190428  -0.002244  -0.015861  -0.030563
      3      -0.213631  -0.000946  -0.002244   0.199812   0.002385   0.004737
      4      -0.009433  -0.008229  -0.015861   0.002385   0.004405   0.008438
      5      -0.018167  -0.015856  -0.030563   0.004737   0.008438   0.016166
      6      -0.050546   0.016803   0.032566   0.013821   0.007049   0.013431
      7       0.025288  -0.042784  -0.082699  -0.001438   0.003823   0.007417
      8       0.048489  -0.082704  -0.159864  -0.002493   0.007422   0.014398
                   6          7          8    
      0      -0.050546   0.025288   0.048489
      1       0.016803  -0.042784  -0.082704
      2       0.032566  -0.082699  -0.159864
      3       0.013821  -0.001438  -0.002493
      4       0.007049   0.003823   0.007422
      5       0.013431   0.007417   0.014398
      6       0.036725  -0.023850  -0.045997
      7      -0.023850   0.038960   0.075282
      8      -0.045997   0.075282   0.145465

$bmatrix
 3 9
                  0          1          2          3          4          5    
      0      -0.986260  -0.076040  -0.146662   0.986260   0.076040   0.146662
      1       0.172393  -0.453393  -0.874480   0.000000   0.000000   0.000000
      2       0.300438   0.195250   0.376587   0.060474  -0.166176  -0.320512
                   6          7          8    
      0       0.000000   0.000000   0.000000
      1      -0.172393   0.453393   0.874480
      2      -0.360912  -0.029074  -0.056076

