
$orca_hessian_file

$act_atom
  2

$act_coord
  2

$act_energy
     -341.264717

$hessian
9
                    0                  1                  2                  3                  4        
    0      1.9130271921E-01   4.7324995863E-03   9.4414563906E-03  -1.7206851976E-01  -1.9597039228E-02
    1      4.7324995863E-03   4.2093017292E-02   8.1566695965E-02  -1.0038668964E-02  -4.1158674023E-03
    2      9.4414563906E-03   8.1566695965E-02   1.5811220306E-01  -1.9890691536E-02  -9.7357916727E-03
    3     -1.7206851976E-01  -1.0038668964E-02  -1.9890691536E-02   1.7855550914E-01   1.0840319568E-02
    4     -1.9597039228E-02  -4.1158674023E-03  -9.7357916727E-03   1.0840319568E-02   3.9877357868E-03
    5     -3.7915121908E-02  -9.7313573690E-03  -1.7958456581E-02   2.1060933046E-02   9.7924053624E-03
    6     -1.9235007733E-02   5.3492362634E-03   1.0530318638E-02  -6.5166499953E-03   8.7544039772E-03
    7      1.4633137958E-02  -3.8059848112E-02  -7.1927780465E-02  -5.6746127058E-04   1.9820886624E-04
    8      2.8407550298E-02  -7.1844704924E-02  -1.4017970083E-01  -1.1043120921E-03  -5.8922121119E-05
                    5                  6                  7                  8        
     0     -3.7915121908E-02  -1.9235007733E-02   1.4633137958E-02   2.8407550298E-02
     1     -9.7313573690E-03   5.3492362634E-03  -3.8059848112E-02  -7.1844704924E-02
     2     -1.7958456581E-02   1.0530318638E-02  -7.1927780465E-02  -1.4017970083E-01
     3      2.1060933046E-02  -6.5166499953E-03  -5.6746127058E-04  -1.1043120921E-03
     4      9.7924053624E-03   8.7544039772E-03   1.9820886624E-04  -5.8922121119E-05
     5      1.7752246919E-02   1.6849102238E-02  -4.0599824127E-05   2.5156149047E-04
     6      1.6849102238E-02   2.5782127791E-02  -1.4106427900E-02  -2.7379235077E-02
     7     -4.0599824127E-05  -1.4106427900E-02   3.7874260310E-02   7.1980055051E-02
     8      2.5156149047E-04  -2.7379235077E-02   7.1980055051E-02   1.3990874188E-01

$vibrational_frequencies
9
    0        0.000000
    1        0.000000
    2        0.000000
    3        0.000000
    4        0.000000
    5        0.000000
    6     1026.846380
    7     2216.740902
    8     2227.847577

$normal_modes
9 9
                    0                  1                  2                  3                  4        
    0      0.0000000000E+00   0.0000000000E+00   0.0000000000E+00   0.0000000000E+00   0.0000000000E+00
    1      0.0000000000E+00   0.0000000000E+00   0.0000000000E+00   0.0000000000E+00   0.0000000000E+00
    2      0.0000000000E+00   0.0000000000E+00   0.0000000000E+00   0.0000000000E+00   0.0000000000E+00
    3      0.0000000000E+00   0.0000000000E+00   0.0000000000E+00   0.0000000000E+00   0.0000000000E+00
    4      0.0000000000E+00   0.0000000000E+00   0.0000000000E+00   0.0000000000E+00   0.0000000000E+00
    5      0.0000000000E+00   0.0000000000E+00   0.0000000000E+00   0.0000000000E+00   0.0000000000E+00
    6      0.0000000000E+00   0.0000000000E+00   0.0000000000E+00   0.0000000000E+00   0.0000000000E+00
    7      0.0000000000E+00   0.0000000000E+00   0.0000000000E+00   0.0000000000E+00   0.0000000000E+00
    8      0.0000000000E+00   0.0000000000E+00   0.0000000000E+00   0.0000000000E+00   0.0000000000E+00
                    5                  6                  7                  8        
     0      0.0000000000E+00  -1.8964611293E-02   2.5388672287E-02  -1.9730514601E-02
     1      0.0000000000E+00  -1.2310194129E-02   8.4656586899E-03   1.1896171682E-02
     2      0.0000000000E+00  -2.3743240655E-02   1.6328107378E-02   2.2944696418E-02
     3      0.0000000000E+00  -1.1324673170E-01  -8.8210691664E-01   4.4531429082E-01
     4      0.0000000000E+00   3.2094006472E-01  -5.6705588952E-02   3.7819013837E-02
     5      0.0000000000E+00   6.1901194349E-01  -1.0937069155E-01   7.2943280786E-02
     6      0.0000000000E+00   6.9599461880E-01   1.0195936166E-01   1.6096840684E-01
     7      0.0000000000E+00   5.7329729864E-02  -2.0342864940E-01  -4.0336665440E-01
     8      0.0000000000E+00   1.1057450099E-01  -3.9236224289E-01  -7.7799191852E-01

#
# The atoms: label  mass x y z (in bohrs)
#
$atoms
3
 P     30.97400     -2.749999176330     0.938789603701    -0.212072276429
 H      1.00800     -0.055732661044     1.146508229576     0.188564242466
 H      1.00800     -3.220521858897     2.176222428233     2.174621632670

$actual_temperature
  0.000000

$frequency_scale_factor
  1.000000

$dipole_derivatives
9
    5.1783132189E-01    3.4441390624E-02    5.8959716250E-02
   -3.1791677544E-03    5.5449186861E-02    2.3210410250E-01
    4.9471583631E-02    2.2916958437E-01    4.1833384441E-01
   -4.5819329193E-01   -2.9041358343E-02   -5.8548079554E-02
   -6.1376413587E-02    3.7532431991E-02   -4.3527659336E-02
   -1.1926596101E-01   -4.3877364349E-02   -3.1163652854E-02
   -4.8911730200E-02   -5.3447434518E-03   -1.6317494996E-03
    3.9301281825E-02   -9.9140860549E-02   -1.9129500259E-01
    7.7554798678E-02   -1.8837786396E-01   -3.8946806448E-01

#
# The IR spectrum
#  wavenumber T**2 TX TY  TY
#
$ir_spectrum
9
      0.00       0.0000       0.0000       0.0000       0.0000
      0.00       0.0000       0.0000       0.0000       0.0000
      0.00       0.0000       0.0000       0.0000       0.0000
      0.00       0.0000       0.0000       0.0000       0.0000
      0.00       0.0000       0.0000       0.0000       0.0000
      0.00       0.0000       0.0000       0.0000       0.0000
   1026.85      16.2054      -2.3207      -1.4951      -2.9299
   2216.74     222.1752      11.9926       3.8903       7.9510
   2227.85     240.4812      -9.4389       5.3959      11.0577

$job_list
9
    0    1    1    1
    1    1    1    1
    2    1    1    1


$end

