
$orca_hessian_file

$act_atom
  0

$act_coord
  0

$act_energy
    -3968.201415

$hessian
39
                    0                  1                  2                  3                  4        
    0      1.3195809116E-01  -4.5826485211E-02   2.6288963848E-02  -1.8384690008E-02   4.8502893760E-03
    1     -4.5826485211E-02   1.9128833115E-01   8.3480442708E-02   5.2209999118E-03   7.2832550016E-03
    2      2.6288963848E-02   8.3480442708E-02   1.1525082204E-01   3.6048800267E-03  -6.2316671608E-03
    3     -1.8384690008E-02   5.2209999118E-03   3.6048800267E-03   4.0567283873E-01   1.3703532530E-01
    4      4.8502893760E-03   7.2832550016E-03  -6.2316671608E-03   1.3703532530E-01   7.3518448113E-02
    5      9.7899399163E-03  -2.5292088677E-03   3.1145013820E-03  -1.5471832957E-01  -5.8129912124E-02
    6      1.4736025948E-02   1.9191972784E-03   9.0849496209E-03  -1.0488829203E-02  -1.4074502503E-02
    7     -6.0046734135E-04  -1.3855407396E-02  -1.1631681736E-02  -8.8057128067E-03  -4.2725171838E-03
    8      1.4517060819E-03  -9.7831010364E-03   3.6539180189E-03  -4.3320178997E-03   5.9186725865E-03
    9     -2.5182107070E-02   1.5454434404E-04  -2.4052606275E-02   4.7430398071E-04   9.1414497949E-04
   10     -4.6873190792E-03  -1.4331129657E-03  -2.1430586680E-04  -2.1759072860E-03  -2.4178841815E-03
   11     -2.2037578611E-03  -4.9140923619E-03   3.8808512250E-03   3.2805795950E-03  -1.2860669002E-03
   12      2.1677062625E-03  -2.0234829301E-03  -2.9005425463E-03  -2.8432364720E-03   1.8371329093E-04
   13     -1.6304952788E-03   4.2426288023E-03  -3.8954821316E-04   1.8261529989E-03   2.3335976404E-03
   14      1.8961491185E-03   4.2627030161E-04   1.5303684896E-03   1.0321619749E-03  -2.7186827222E-04
   15     -2.0314027774E-02  -1.4940719546E-03  -1.5037785939E-02   3.6353463264E-03   2.0399876213E-03
   16      6.6604203409E-03   7.0799005220E-03   1.5590023187E-04   1.3910515787E-03   2.8011323322E-03
   17     -1.4783811448E-02   1.5495708071E-03  -6.3460771420E-03  -3.3687180220E-03   8.6590957781E-04
   18      6.0106261389E-03   3.9258107606E-03   4.6058104401E-04   4.0660470811E-03  -9.3341071836E-03
   19      7.4277545938E-03  -1.1187418252E-02   7.0759914314E-03  -7.1750022850E-03  -7.8158808438E-03
   20     -7.6403353486E-03   3.0851232794E-03   9.0971522558E-04   1.6992806218E-02   4.3900135446E-03
   21     -9.3547158667E-02   9.1087419739E-02   2.5342636015E-02  -3.8446810642E-01  -1.2050297475E-01
   22      5.8069063705E-02  -1.1150970732E-01  -2.1280938113E-02  -1.2449787641E-01  -7.0535187157E-02
   23      4.4400008885E-03  -8.3336950631E-04  -2.5285336252E-02   1.3738031393E-01   5.8665328185E-02
   24     -8.0989840785E-03  -4.8403971130E-02  -3.1895425839E-02   1.8482107427E-03   1.5430217504E-03
   25     -2.7035908399E-02  -6.8441224654E-02  -5.2483198956E-02   1.2456453500E-03   1.2322155488E-03
   26     -2.1627656060E-02  -6.7498963557E-02  -9.7476735382E-02   3.7849692930E-03  -2.2134535838E-03
   27      2.5567088751E-03  -1.6514601948E-03  -7.7727733585E-04  -1.7402949685E-03  -2.4062282764E-04
   28      1.4244595377E-04  -2.1529538910E-03  -2.0399336802E-03  -2.0907885683E-03  -3.5194898725E-04
   29      1.7033452873E-03  -1.7374391095E-03  -7.5417557003E-05  -2.1456421631E-03  -7.7810822584E-04
   30      9.2763003812E-03  -1.9627975886E-03   1.1160464264E-02   1.6764918020E-03  -3.0446842763E-03
   31      1.7466908618E-03  -3.1230918073E-03   3.3896136711E-03   1.3773270682E-03  -3.4512039816E-03
   32     -2.2014325548E-03  -2.0324486618E-04  -1.3727904742E-03  -1.2182407115E-04   1.2362359882E-03
   33     -1.1163928074E-03   6.0037359771E-04   1.7776173018E-04   8.7603875122E-04   1.6099434991E-04
   34      7.3022641264E-04  -6.9788029268E-05   4.1786328902E-04  -1.3594332855E-04  -1.2825769762E-04
   35     -2.8291576448E-04   8.6815897178E-04   4.8488710664E-04   1.0545391736E-03   3.0957077906E-04
   36     -5.9469938153E-05  -1.5469800969E-03  -1.4560927087E-03  -3.2329858817E-04   4.6885804506E-04
   37      1.5462170065E-04   1.8760723709E-03  -2.5028771774E-04  -3.2152032441E-03   1.8033019669E-03
   38      3.1694772680E-03  -1.9077132234E-03   1.7294033960E-03  -2.4452175691E-03  -2.4745898779E-03
                    5                  6                  7                  8                  9        
    0      9.7899399163E-03   1.4736025948E-02  -6.0046734135E-04   1.4517060819E-03  -2.5182107070E-02
    1     -2.5292088677E-03   1.9191972784E-03  -1.3855407396E-02  -9.7831010364E-03   1.5454434404E-04
    2      3.1145013820E-03   9.0849496209E-03  -1.1631681736E-02   3.6539180189E-03  -2.4052606275E-02
    3     -1.5471832957E-01  -1.0488829203E-02  -8.8057128067E-03  -4.3320178997E-03   4.7430398071E-04
    4     -5.8129912124E-02  -1.4074502503E-02  -4.2725171838E-03   5.9186725865E-03   9.1414497949E-04
    5      9.0910897208E-02  -1.2133103941E-03   1.7469858972E-03   1.0964953428E-02   1.5669435793E-03
    6     -1.2133103941E-03   1.3590249443E-01  -4.2493281424E-02   4.3569149971E-02  -2.6441367922E-02
    7      1.7469858972E-03  -4.2493281424E-02   1.9550458583E-01   8.1023303000E-02   1.1414387014E-02
    8      1.0964953428E-02   4.3569149971E-02   8.1023303000E-02   1.1547853560E-01  -9.3960622826E-03
    9      1.5669435793E-03  -2.6441367922E-02   1.1414387014E-02  -9.3960622826E-03   1.7137940632E-01
   10      1.3363160381E-04  -2.2247535894E-03   7.0853029827E-03  -3.6039386780E-03   4.7257294209E-02
   11      7.9422869528E-05  -5.8200705009E-03   3.2393553872E-03  -9.5205693788E-04   1.4013697541E-03
   12      1.1297537094E-03   5.2715950413E-04   1.8994685414E-03   2.9669405010E-03  -3.7267899706E-03
   13     -4.7801592322E-04  -1.7826469720E-03  -2.3185662069E-03   8.1450233442E-04   1.2490010868E-02
   14     -1.0131571163E-04   1.6175108500E-03  -3.0422310128E-04   8.7073333037E-06  -4.0674384950E-03
   15      1.3915310274E-03  -2.3109392134E-02   1.0953228273E-02  -2.8019797747E-03   1.2975020376E-02
   16     -1.0495593613E-03   1.1221137746E-03  -1.9572238392E-03   6.3732601506E-03  -6.8832495009E-03
   17      1.7714352847E-03  -2.2077360510E-02   9.0933196171E-03   1.4046765559E-03   1.3730953898E-02
   18      1.0057162190E-02   2.1159270650E-03   3.2843802096E-03  -2.5354952617E-03   2.6149277761E-03
   19      9.7168044242E-03  -2.6286987400E-03   1.0664248655E-03   4.7272495889E-03   1.0747647017E-03
   20     -6.5706460157E-03  -4.4223060325E-03   2.1270325053E-03  -1.2927171861E-02   6.6167733979E-04
   21      1.3934368604E-01  -4.8940825502E-02  -5.7726668991E-02  -4.6697540681E-02   1.0682280987E-02
   22      5.1360321207E-02  -1.5191333423E-02  -6.8926372522E-02  -7.2517146145E-02  -6.7805274142E-03
   23     -9.9683132697E-02  -4.5434129323E-02  -7.8488523719E-02  -1.0288359095E-01  -7.5954353420E-04
   24     -6.7344702645E-03  -5.5367078454E-02   8.8159663201E-02   2.0474269139E-02  -1.1057086650E-01
   25      1.5991716186E-05   7.1083092631E-02  -1.1604538103E-01  -7.1146564201E-03  -6.3818418093E-02
   26     -2.3491821064E-03   2.5089367001E-02  -7.5552958979E-03  -1.8410555875E-02   4.9834135782E-02
   27      4.2955498194E-04   1.7966666831E-03   5.7164894450E-04   3.0574995136E-03   6.2661310030E-04
   28      5.3720227251E-04  -1.3603230724E-03   1.6993083463E-03   1.6497846074E-03   1.0410363349E-03
   29      5.2905486243E-04   2.0086271556E-03   2.7779428914E-03   1.6167305588E-03  -6.1623064227E-03
   30     -2.4842169727E-03   1.1949174712E-02  -6.4076462023E-03  -3.5618010539E-03  -3.0084637136E-02
   31     -1.2946389754E-04   4.1310173693E-03   6.0582157583E-04  -6.8191959212E-03   2.8593504459E-03
   32     -8.3415395062E-04  -3.0462272346E-03  -1.3258909024E-03   2.9373536276E-04  -2.3630577596E-02
   33     -8.9207055485E-05  -1.0156322308E-03   1.0366574479E-04  -1.3197245306E-03  -1.2708900190E-03
   34      1.9496115594E-05   1.0154168156E-03   2.0492057047E-04   2.7507483189E-04   6.3305889460E-04
   35     -2.4683596966E-04  -3.1259300433E-06  -8.2138073850E-04  -4.6545815721E-04   3.6972068383E-04
   36      1.5306287401E-03  -1.6627269500E-03  -3.5428795992E-04  -8.7239446244E-04  -1.4741764000E-03
   37     -1.2144802969E-03   4.8479635287E-04   1.2068435753E-03  -9.4211643892E-04  -3.5594942183E-04
   38      2.4160790942E-03   6.4561088398E-04   1.1728190095E-04   2.2186125775E-03   5.0304497019E-04
                   10                 11                 12                 13                 14        
    0     -4.6873190792E-03  -2.2037578611E-03   2.1677062625E-03  -1.6304952788E-03   1.8961491185E-03
    1     -1.4331129657E-03  -4.9140923619E-03  -2.0234829301E-03   4.2426288023E-03   4.2627030161E-04
    2     -2.1430586680E-04   3.8808512250E-03  -2.9005425463E-03  -3.8954821316E-04   1.5303684896E-03
    3     -2.1759072860E-03   3.2805795950E-03  -2.8432364720E-03   1.8261529989E-03   1.0321619749E-03
    4     -2.4178841815E-03  -1.2860669002E-03   1.8371329093E-04   2.3335976404E-03  -2.7186827222E-04
    5      1.3363160381E-04   7.9422869528E-05   1.1297537094E-03  -4.7801592322E-04  -1.0131571163E-04
    6     -2.2247535894E-03  -5.8200705009E-03   5.2715950413E-04  -1.7826469720E-03   1.6175108500E-03
    7      7.0853029827E-03   3.2393553872E-03   1.8994685414E-03  -2.3185662069E-03  -3.0422310128E-04
    8     -3.6039386780E-03  -9.5205693788E-04   2.9669405010E-03   8.1450233442E-04   8.7073333037E-06
    9      4.7257294209E-02   1.4013697541E-03  -3.7267899706E-03   1.2490010868E-02  -4.0674384950E-03
   10      1.2044384166E-01  -9.3310871225E-02   7.3037469320E-03  -1.1971463613E-02   2.9484275878E-03
   11     -9.3310871225E-02   1.5982041649E-01  -6.6705014810E-03   7.6462339571E-06   1.1055290344E-02
   12      7.3037469320E-03  -6.6705014810E-03   2.7996861821E-01  -2.2964904114E-01  -9.3282424868E-02
   13     -1.1971463613E-02   7.6462339571E-06  -2.2964904114E-01   2.2915358238E-01   8.6144163602E-02
   14      2.9484275878E-03   1.1055290344E-02  -9.3282424868E-02   8.6144163602E-02   5.7609995525E-02
   15     -7.2317586301E-03   5.3868747683E-03  -1.7751905068E-02   6.3230095745E-03   9.4132503932E-03
   16     -5.7575828989E-03   1.1641074607E-02   3.9129863995E-03   8.6528020764E-03  -2.7030763658E-03
   17      1.1067106193E-02  -2.7116238527E-03   5.5065899075E-03   2.9085385510E-03   1.6218920723E-03
   18     -2.3501030537E-04   2.5235828087E-03  -9.7095115024E-04   6.5718276227E-04   1.6563537135E-04
   19      7.5852735908E-05  -2.7086775154E-03   1.7705582339E-03  -9.7469816032E-04  -3.5970903969E-04
   20     -2.9922450594E-03   2.8522340803E-03  -2.1549708888E-03   1.8689831352E-03   3.9652059423E-04
   21      2.6011089153E-03  -2.6178490538E-03   1.6972510515E-03   6.9750523815E-04  -2.4875745067E-03
   22      3.3491550319E-03   7.8265093287E-03  -2.9600559861E-03  -3.3965657458E-03   1.2300258608E-03
   23      1.9707301158E-03  -1.5857933953E-03   3.9439272750E-05  -9.5209027281E-04  -7.9206995106E-04
   24     -8.0599952484E-02   4.6900577993E-02   1.5820705364E-03  -2.1612830903E-03  -5.9564258276E-03
   25     -5.9306292043E-02   1.4792417112E-02  -1.4932958406E-04   2.1016778799E-03   1.3143738211E-03
   26      1.3814222701E-02  -2.7164632964E-02   4.3215854276E-03  -3.9840258248E-05  -2.2505382137E-03
   27     -4.6729339726E-03  -4.7569342452E-03   9.3075123845E-03   4.8896086219E-03   3.8619356940E-03
   28     -1.5377596589E-04  -6.5670830595E-03   5.1649732574E-03  -1.6234031658E-02  -1.1013182035E-02
   29     -3.8439000493E-03  -1.0926346855E-02   1.2458033547E-02  -7.1470489878E-03  -2.2176126309E-03
   30      4.3764385372E-02  -3.5348876401E-02  -2.7160378836E-01   2.0838367676E-01   8.5620815421E-02
   31     -5.1647186610E-02   6.9803140607E-02   2.1183328124E-01  -2.1320440141E-01  -7.8113712752E-02
   32      7.3452135015E-02  -1.3553726302E-01   8.0221249948E-02  -8.5199240636E-02  -6.8088217076E-02
   33      8.1512569841E-04  -6.2713251785E-04   8.0698420920E-04   5.6653426236E-04   2.2067538137E-03
   34      1.0957148578E-03   1.3758866110E-03   2.7129787351E-03   1.7938124022E-03   7.2542045460E-04
   35      2.7613974296E-05   1.7840548821E-03  -2.4702458614E-03   3.1085568676E-03   1.3775344598E-03
   36      8.3531935657E-05  -1.4474446897E-03   8.3959173771E-04  -6.1124329601E-04  -2.1590296272E-05
   37      6.3657686411E-04   1.0061091240E-04  -1.6760473037E-06  -1.7681280561E-04  -2.2407077392E-05
   38      5.4526031277E-04  -5.9489587596E-04   8.3213060192E-04  -6.4939479327E-04  -1.4922228257E-04
                   15                 16                 17                 18                 19        
    0     -2.0314027774E-02   6.6604203409E-03  -1.4783811448E-02   6.0106261389E-03   7.4277545938E-03
    1     -1.4940719546E-03   7.0799005220E-03   1.5495708071E-03   3.9258107606E-03  -1.1187418252E-02
    2     -1.5037785939E-02   1.5590023187E-04  -6.3460771420E-03   4.6058104401E-04   7.0759914314E-03
    3      3.6353463264E-03   1.3910515787E-03  -3.3687180220E-03   4.0660470811E-03  -7.1750022850E-03
    4      2.0399876213E-03   2.8011323322E-03   8.6590957781E-04  -9.3341071836E-03  -7.8158808438E-03
    5      1.3915310274E-03  -1.0495593613E-03   1.7714352847E-03   1.0057162190E-02   9.7168044242E-03
    6     -2.3109392134E-02   1.1221137746E-03  -2.2077360510E-02   2.1159270650E-03  -2.6286987400E-03
    7      1.0953228273E-02  -1.9572238392E-03   9.0933196171E-03   3.2843802096E-03   1.0664248655E-03
    8     -2.8019797747E-03   6.3732601506E-03   1.4046765559E-03  -2.5354952617E-03   4.7272495889E-03
    9      1.2975020376E-02  -6.8832495009E-03   1.3730953898E-02   2.6149277761E-03   1.0747647017E-03
   10     -7.2317586301E-03  -5.7575828989E-03   1.1067106193E-02  -2.3501030537E-04   7.5852735908E-05
   11      5.3868747683E-03   1.1641074607E-02  -2.7116238527E-03   2.5235828087E-03  -2.7086775154E-03
   12     -1.7751905068E-02   3.9129863995E-03   5.5065899075E-03  -9.7095115024E-04   1.7705582339E-03
   13      6.3230095745E-03   8.6528020764E-03   2.9085385510E-03   6.5718276227E-04  -9.7469816032E-04
   14      9.4132503932E-03  -2.7030763658E-03   1.6218920723E-03   1.6563537135E-04  -3.5970903969E-04
   15      1.6583491088E-01   4.8034447851E-02  -1.7984141961E-02   3.0452021822E-03  -1.6081584743E-03
   16      4.8034447851E-02   1.1187216129E-01  -9.0694188775E-02   1.5109636694E-04  -1.4718403014E-03
   17     -1.7984141961E-02  -9.0694188775E-02   1.5831254143E-01  -7.1997426385E-05   2.6500220669E-03
   18      3.0452021822E-03   1.5109636694E-04  -7.1997426385E-05   1.2824588198E-01   9.1259364593E-02
   19     -1.6081584743E-03  -1.4718403014E-03   2.6500220669E-03   9.1259364593E-02   2.0354766541E-01
   20      2.5138118631E-03   1.5234675756E-03  -1.1392678719E-03   1.6423316680E-01   1.5686072083E-02
   21      7.8369792504E-03   4.7721884808E-04   8.9104642327E-03  -3.6421698298E-02  -5.7869807766E-03
   22     -4.8637101185E-03  -2.6822044393E-03  -6.1513156700E-03  -2.7786130496E-05  -9.6450105179E-02
   23     -1.0471631798E-03   6.3334413921E-04  -5.8743153814E-04  -1.4558471665E-02   1.0002266179E-01
   24      7.7429528297E-03   2.1219442461E-02  -2.5158670695E-02  -4.9173624818E-03   3.0167901432E-03
   25      2.9258141461E-03  -5.4344710090E-02   4.8761775664E-02  -4.4345868025E-05  -9.8418957371E-05
   26     -3.4817870508E-03   5.8358090813E-02  -1.2178987750E-01  -4.7230989091E-03  -3.7668948619E-03
   27     -5.7869536287E-04  -8.6300649959E-03   2.1165571384E-04  -1.0180890912E-03   8.1485393951E-04
   28     -1.4372738713E-02  -6.1383488546E-03  -4.3277244430E-03  -6.6293198439E-04   5.3768166957E-04
   29     -5.0485038391E-03   2.3936194784E-03   2.9125243854E-03  -1.2176493188E-03   1.6867447443E-03
   30     -1.3854249437E-01  -6.9015502182E-02   5.6513133025E-02  -4.0036535317E-04  -2.3552921395E-03
   31     -4.1544362535E-02  -5.9467335146E-02   2.3696316511E-02   5.8890585487E-04   2.5747635150E-04
   32      2.3580826104E-02   1.3443195044E-02  -3.5399961340E-02   1.1456124595E-04  -1.0567840970E-03
   33      9.1631535509E-04   1.7912901072E-03  -1.5460192931E-03   6.2291312291E-04  -3.3103167970E-04
   34      1.1104130033E-03   1.4284557440E-03   9.1144362335E-04  -2.2733392281E-04   3.0919187164E-04
   35      3.4846433937E-03   5.8922145831E-04   1.1183026430E-03   4.0568571135E-04  -5.2655081580E-04
   36     -1.6881631287E-03  -2.3278255376E-04   1.1836426110E-04  -1.0299426097E-01  -8.5479424689E-02
   37     -2.7324901238E-04  -1.6097335477E-05  -3.2993455168E-04  -8.9335964520E-02  -8.7797657970E-02
   38     -3.7392848244E-04  -6.6557052410E-04   8.3240118000E-04  -1.5485393705E-01  -1.3314337038E-01
                   20                 21                 22                 23                 24        
    0     -7.6403353486E-03  -9.3547158667E-02   5.8069063705E-02   4.4400008885E-03  -8.0989840785E-03
    1      3.0851232794E-03   9.1087419739E-02  -1.1150970732E-01  -8.3336950631E-04  -4.8403971130E-02
    2      9.0971522558E-04   2.5342636015E-02  -2.1280938113E-02  -2.5285336252E-02  -3.1895425839E-02
    3      1.6992806218E-02  -3.8446810642E-01  -1.2449787641E-01   1.3738031393E-01   1.8482107427E-03
    4      4.3900135446E-03  -1.2050297475E-01  -7.0535187157E-02   5.8665328185E-02   1.5430217504E-03
    5     -6.5706460157E-03   1.3934368604E-01   5.1360321207E-02  -9.9683132697E-02  -6.7344702645E-03
    6     -4.4223060325E-03  -4.8940825502E-02  -1.5191333423E-02  -4.5434129323E-02  -5.5367078454E-02
    7      2.1270325053E-03  -5.7726668991E-02  -6.8926372522E-02  -7.8488523719E-02   8.8159663201E-02
    8     -1.2927171861E-02  -4.6697540681E-02  -7.2517146145E-02  -1.0288359095E-01   2.0474269139E-02
    9      6.6167733979E-04   1.0682280987E-02  -6.7805274142E-03  -7.5954353420E-04  -1.1057086650E-01
   10     -2.9922450594E-03   2.6011089153E-03   3.3491550319E-03   1.9707301158E-03  -8.0599952484E-02
   11      2.8522340803E-03  -2.6178490538E-03   7.8265093287E-03  -1.5857933953E-03   4.6900577993E-02
   12     -2.1549708888E-03   1.6972510515E-03  -2.9600559861E-03   3.9439272750E-05   1.5820705364E-03
   13      1.8689831352E-03   6.9750523815E-04  -3.3965657458E-03  -9.5209027281E-04  -2.1612830903E-03
   14      3.9652059423E-04  -2.4875745067E-03   1.2300258608E-03  -7.9206995106E-04  -5.9564258276E-03
   15      2.5138118631E-03   7.8369792504E-03  -4.8637101185E-03  -1.0471631798E-03   7.7429528297E-03
   16      1.5234675756E-03   4.7721884808E-04  -2.6822044393E-03   6.3334413921E-04   2.1219442461E-02
   17     -1.1392678719E-03   8.9104642327E-03  -6.1513156700E-03  -5.8743153814E-04  -2.5158670695E-02
   18      1.6423316680E-01  -3.6421698298E-02  -2.7786130496E-05  -1.4558471665E-02  -4.9173624818E-03
   19      1.5686072083E-02  -5.7869807766E-03  -9.6450105179E-02   1.0002266179E-01   3.0167901432E-03
   20      4.2772540692E-01  -1.1636822350E-02   1.1282287869E-01  -1.3956432332E-01   8.0329510586E-04
   21     -1.1636822350E-02   6.3002950074E-01   7.3616851805E-02  -4.9013889483E-02  -8.2704017591E-02
   22      1.1282287869E-01   7.3616851805E-02   3.1414113972E-01  -1.1015336979E-01   6.2628498151E-03
   23     -1.3956432332E-01  -4.9013889483E-02  -1.1015336979E-01   3.9724543805E-01  -3.1185470934E-02
   24      8.0329510586E-04  -8.2704017591E-02   6.2628498151E-03  -3.1185470934E-02   3.3305524823E-01
   25      7.1857819275E-04   9.8023943310E-03   3.1530654002E-02   1.6020589750E-02  -6.3497582919E-03
   26      9.3790627224E-04  -5.7569413634E-02   2.8849098654E-02  -2.5244497483E-03   6.9462298089E-02
   27     -1.8538473946E-03   5.7415788852E-04  -7.5478845205E-04   5.3209551040E-04  -4.1975413491E-03
   28     -1.7559509210E-03   2.5478299220E-03  -4.7880396600E-04   8.8766601541E-04  -2.9443079466E-04
   29     -2.2472890005E-03   2.9010576413E-04  -1.2248700838E-03   4.2733320873E-04   7.8732534880E-04
   30      1.0647825478E-03  -6.3791307968E-03   1.1586282025E-02   3.1400171888E-03  -8.4832580377E-02
   31      8.2758820698E-04  -6.2078741462E-03   7.4993416774E-03  -5.7917747144E-04   1.9441194633E-02
   32      3.3715363894E-04   4.9669680571E-03  -1.0464985734E-03   3.2195919024E-03  -3.5195618703E-02
   33      9.5787304780E-04  -4.0521640697E-04   1.9792623086E-04  -5.2385938293E-04   2.9666774656E-03
   34     -2.6961662842E-04  -5.1492505644E-04  -1.5377220484E-04   6.6277310463E-06  -1.4481773708E-03
   35      8.9912380514E-04  -7.7247280532E-04   2.5480788148E-04  -3.9501702363E-04  -9.5409854147E-04
   36     -1.5951861511E-01   2.0437409716E-03   5.3460429277E-03  -3.0119666927E-03   3.4878304158E-03
   37     -1.3803280685E-01   9.9091731261E-03  -2.3812108611E-03   1.2800777195E-02  -3.8641289544E-04
   38     -2.7160737106E-01  -8.0554282904E-03   1.0026394938E-02  -2.7594203903E-02  -1.3471774618E-03
                   25                 26                 27                 28                 29        
    0     -2.7035908399E-02  -2.1627656060E-02   2.5567088751E-03   1.4244595377E-04   1.7033452873E-03
    1     -6.8441224654E-02  -6.7498963557E-02  -1.6514601948E-03  -2.1529538910E-03  -1.7374391095E-03
    2     -5.2483198956E-02  -9.7476735382E-02  -7.7727733585E-04  -2.0399336802E-03  -7.5417557003E-05
    3      1.2456453500E-03   3.7849692930E-03  -1.7402949685E-03  -2.0907885683E-03  -2.1456421631E-03
    4      1.2322155488E-03  -2.2134535838E-03  -2.4062282764E-04  -3.5194898725E-04  -7.7810822584E-04
    5      1.5991716186E-05  -2.3491821064E-03   4.2955498194E-04   5.3720227251E-04   5.2905486243E-04
    6      7.1083092631E-02   2.5089367001E-02   1.7966666831E-03  -1.3603230724E-03   2.0086271556E-03
    7     -1.1604538103E-01  -7.5552958979E-03   5.7164894450E-04   1.6993083463E-03   2.7779428914E-03
    8     -7.1146564201E-03  -1.8410555875E-02   3.0574995136E-03   1.6497846074E-03   1.6167305588E-03
    9     -6.3818418093E-02   4.9834135782E-02   6.2661310030E-04   1.0410363349E-03  -6.1623064227E-03
   10     -5.9306292043E-02   1.3814222701E-02  -4.6729339726E-03  -1.5377596589E-04  -3.8439000493E-03
   11      1.4792417112E-02  -2.7164632964E-02  -4.7569342452E-03  -6.5670830595E-03  -1.0926346855E-02
   12     -1.4932958406E-04   4.3215854276E-03   9.3075123845E-03   5.1649732574E-03   1.2458033547E-02
   13      2.1016778799E-03  -3.9840258248E-05   4.8896086219E-03  -1.6234031658E-02  -7.1470489878E-03
   14      1.3143738211E-03  -2.2505382137E-03   3.8619356940E-03  -1.1013182035E-02  -2.2176126309E-03
   15      2.9258141461E-03  -3.4817870508E-03  -5.7869536287E-04  -1.4372738713E-02  -5.0485038391E-03
   16     -5.4344710090E-02   5.8358090813E-02  -8.6300649959E-03  -6.1383488546E-03   2.3936194784E-03
   17      4.8761775664E-02  -1.2178987750E-01   2.1165571384E-04  -4.3277244430E-03   2.9125243854E-03
   18     -4.4345868025E-05  -4.7230989091E-03  -1.0180890912E-03  -6.6293198439E-04  -1.2176493188E-03
   19     -9.8418957371E-05  -3.7668948619E-03   8.1485393951E-04   5.3768166957E-04   1.6867447443E-03
   20      7.1857819275E-04   9.3790627224E-04  -1.8538473946E-03  -1.7559509210E-03  -2.2472890005E-03
   21      9.8023943310E-03  -5.7569413634E-02   5.7415788852E-04   2.5478299220E-03   2.9010576413E-04
   22      3.1530654002E-02   2.8849098654E-02  -7.5478845205E-04  -4.7880396600E-04  -1.2248700838E-03
   23      1.6020589750E-02  -2.5244497483E-03   5.3209551040E-04   8.8766601541E-04   4.2733320873E-04
   24     -6.3497582919E-03   6.9462298089E-02  -4.1975413491E-03  -2.9443079466E-04   7.8732534880E-04
   25      2.4268884384E-01  -9.3379860158E-03   7.6172272918E-04   7.1145902743E-04  -1.1399651840E-03
   26     -9.3379860158E-03   2.6594780240E-01  -2.3995703694E-03   5.6916442984E-03  -1.3270504581E-04
   27      7.6172272918E-04  -2.3995703694E-03   8.9186430929E-02   2.7987764981E-04   1.6247620818E-01
   28      7.1145902743E-04   5.6916442984E-03   2.7987764981E-04   2.3190775591E-01  -1.9088463874E-02
   29     -1.1399651840E-03  -1.3270504581E-04   1.6247620818E-01  -1.9088463874E-02   4.5246530662E-01
   30      1.2320657994E-02  -6.5776630623E-02  -4.9396378898E-02  -3.2027947406E-02  -4.4339843751E-02
   31      2.1213404030E-02  -1.5433978583E-02  -3.7246195570E-02  -1.4788669743E-01  -9.7727256523E-02
   32     -1.1749988233E-02   8.3181647542E-03  -4.0201232280E-02  -8.3683280828E-02  -8.5600037610E-02
   33     -2.1094833728E-05   1.1490822999E-03  -4.7935014558E-02   4.1215016503E-02  -1.2183063309E-01
   34     -6.7369427257E-04  -1.2817540729E-03   4.5731995801E-02  -6.1713934174E-02   1.2580319053E-01
   35      2.7978233652E-05  -1.3555563840E-03  -1.2105159183E-01   1.1923195967E-01  -3.5746523936E-01
   36     -7.1838338139E-04   1.9339593408E-03   8.1647600575E-04   4.1435374888E-04   1.0218258159E-03
   37     -5.6780225979E-04   4.1486889701E-04   1.4462763595E-04   2.5280542504E-04   2.4128767510E-05
   38      1.7540850867E-04  -1.7477226995E-03   4.6882623491E-04   4.7514637987E-04   7.1419913767E-04
                   30                 31                 32                 33                 34        
    0      9.2763003812E-03   1.7466908618E-03  -2.2014325548E-03  -1.1163928074E-03   7.3022641264E-04
    1     -1.9627975886E-03  -3.1230918073E-03  -2.0324486618E-04   6.0037359771E-04  -6.9788029268E-05
    2      1.1160464264E-02   3.3896136711E-03  -1.3727904742E-03   1.7776173018E-04   4.1786328902E-04
    3      1.6764918020E-03   1.3773270682E-03  -1.2182407115E-04   8.7603875122E-04  -1.3594332855E-04
    4     -3.0446842763E-03  -3.4512039816E-03   1.2362359882E-03   1.6099434991E-04  -1.2825769762E-04
    5     -2.4842169727E-03  -1.2946389754E-04  -8.3415395062E-04  -8.9207055485E-05   1.9496115594E-05
    6      1.1949174712E-02   4.1310173693E-03  -3.0462272346E-03  -1.0156322308E-03   1.0154168156E-03
    7     -6.4076462023E-03   6.0582157583E-04  -1.3258909024E-03   1.0366574479E-04   2.0492057047E-04
    8     -3.5618010539E-03  -6.8191959212E-03   2.9373536276E-04  -1.3197245306E-03   2.7507483189E-04
    9     -3.0084637136E-02   2.8593504459E-03  -2.3630577596E-02  -1.2708900190E-03   6.3305889460E-04
   10      4.3764385372E-02  -5.1647186610E-02   7.3452135015E-02   8.1512569841E-04   1.0957148578E-03
   11     -3.5348876401E-02   6.9803140607E-02  -1.3553726302E-01  -6.2713251785E-04   1.3758866110E-03
   12     -2.7160378836E-01   2.1183328124E-01   8.0221249948E-02   8.0698420920E-04   2.7129787351E-03
   13      2.0838367676E-01  -2.1320440141E-01  -8.5199240636E-02   5.6653426236E-04   1.7938124022E-03
   14      8.5620815421E-02  -7.8113712752E-02  -6.8088217076E-02   2.2067538137E-03   7.2542045460E-04
   15     -1.3854249437E-01  -4.1544362535E-02   2.3580826104E-02   9.1631535509E-04   1.1104130033E-03
   16     -6.9015502182E-02  -5.9467335146E-02   1.3443195044E-02   1.7912901072E-03   1.4284557440E-03
   17      5.6513133025E-02   2.3696316511E-02  -3.5399961340E-02  -1.5460192931E-03   9.1144362335E-04
   18     -4.0036535317E-04   5.8890585487E-04   1.1456124595E-04   6.2291312291E-04  -2.2733392281E-04
   19     -2.3552921395E-03   2.5747635150E-04  -1.0567840970E-03  -3.3103167970E-04   3.0919187164E-04
   20      1.0647825478E-03   8.2758820698E-04   3.3715363894E-04   9.5787304780E-04  -2.6961662842E-04
   21     -6.3791307968E-03  -6.2078741462E-03   4.9669680571E-03  -4.0521640697E-04  -5.1492505644E-04
   22      1.1586282025E-02   7.4993416774E-03  -1.0464985734E-03   1.9792623086E-04  -1.5377220484E-04
   23      3.1400171888E-03  -5.7917747144E-04   3.2195919024E-03  -5.2385938293E-04   6.6277310463E-06
   24     -8.4832580377E-02   1.9441194633E-02  -3.5195618703E-02   2.9666774656E-03  -1.4481773708E-03
   25      1.2320657994E-02   2.1213404030E-02  -1.1749988233E-02  -2.1094833728E-05  -6.7369427257E-04
   26     -6.5776630623E-02  -1.5433978583E-02   8.3181647542E-03   1.1490822999E-03  -1.2817540729E-03
   27     -4.9396378898E-02  -3.7246195570E-02  -4.0201232280E-02  -4.7935014558E-02   4.5731995801E-02
   28     -3.2027947406E-02  -1.4788669743E-01  -8.3683280828E-02   4.1215016503E-02  -6.1713934174E-02
   29     -4.4339843751E-02  -9.7727256523E-02  -8.5600037610E-02  -1.2183063309E-01   1.2580319053E-01
   30      5.6224230758E-01  -1.4905952824E-01   1.8815696708E-03  -3.7443865912E-03  -1.2586812761E-02
   31     -1.4905952824E-01   4.5239083257E-01   1.1394227002E-01  -7.7725538947E-03  -3.0065243548E-03
   32      1.8815696708E-03   1.1394227002E-01   3.3228916983E-01  -5.8670044021E-03  -1.7976245729E-02
   33     -3.7443865912E-03  -7.7725538947E-03  -5.8670044021E-03   4.9755685490E-02  -3.7234722539E-02
   34     -1.2586812761E-02  -3.0065243548E-03  -1.7976245729E-02  -3.7234722539E-02   6.0951054724E-02
   35     -6.9892175034E-03  -1.2919086680E-02  -1.7246334504E-02   1.2749929492E-01  -1.1008948866E-01
   36     -1.6092361061E-04  -1.4094059420E-04  -4.9978931047E-04  -4.5624534181E-04   2.1453424290E-04
   37      4.0941992386E-04  -1.7925740711E-04   1.6567914624E-04  -9.0680694703E-05  -3.6836116751E-05
   38     -8.7096973240E-04   7.4317871916E-05  -3.8257073873E-04  -1.8578449273E-04   8.2508515045E-05
                   35                 36                 37                 38        
     0     -2.8291576448E-04  -5.9469938153E-05   1.5462170065E-04   3.1694772680E-03
     1      8.6815897178E-04  -1.5469800969E-03   1.8760723709E-03  -1.9077132234E-03
     2      4.8488710664E-04  -1.4560927087E-03  -2.5028771774E-04   1.7294033960E-03
     3      1.0545391736E-03  -3.2329858817E-04  -3.2152032441E-03  -2.4452175691E-03
     4      3.0957077906E-04   4.6885804506E-04   1.8033019669E-03  -2.4745898779E-03
     5     -2.4683596966E-04   1.5306287401E-03  -1.2144802969E-03   2.4160790942E-03
     6     -3.1259300433E-06  -1.6627269500E-03   4.8479635287E-04   6.4561088398E-04
     7     -8.2138073850E-04  -3.5428795992E-04   1.2068435753E-03   1.1728190095E-04
     8     -4.6545815721E-04  -8.7239446244E-04  -9.4211643892E-04   2.2186125775E-03
     9      3.6972068383E-04  -1.4741764000E-03  -3.5594942183E-04   5.0304497019E-04
    10      2.7613974296E-05   8.3531935657E-05   6.3657686411E-04   5.4526031277E-04
    11      1.7840548821E-03  -1.4474446897E-03   1.0061091240E-04  -5.9489587596E-04
    12     -2.4702458614E-03   8.3959173771E-04  -1.6760473037E-06   8.3213060192E-04
    13      3.1085568676E-03  -6.1124329601E-04  -1.7681280561E-04  -6.4939479327E-04
    14      1.3775344598E-03  -2.1590296272E-05  -2.2407077392E-05  -1.4922228257E-04
    15      3.4846433937E-03  -1.6881631287E-03  -2.7324901238E-04  -3.7392848244E-04
    16      5.8922145831E-04  -2.3278255376E-04  -1.6097335477E-05  -6.6557052410E-04
    17      1.1183026430E-03   1.1836426110E-04  -3.2993455168E-04   8.3240118000E-04
    18      4.0568571135E-04  -1.0299426097E-01  -8.9335964520E-02  -1.5485393705E-01
    19     -5.2655081580E-04  -8.5479424689E-02  -8.7797657970E-02  -1.3314337038E-01
    20      8.9912380514E-04  -1.5951861511E-01  -1.3803280685E-01  -2.7160737106E-01
    21     -7.7247280532E-04   2.0437409716E-03   9.9091731261E-03  -8.0554282904E-03
    22      2.5480788148E-04   5.3460429277E-03  -2.3812108611E-03   1.0026394938E-02
    23     -3.9501702363E-04  -3.0119666927E-03   1.2800777195E-02  -2.7594203903E-02
    24     -9.5409854147E-04   3.4878304158E-03  -3.8641289544E-04  -1.3471774618E-03
    25      2.7978233652E-05  -7.1838338139E-04  -5.6780225979E-04   1.7540850867E-04
    26     -1.3555563840E-03   1.9339593408E-03   4.1486889701E-04  -1.7477226995E-03
    27     -1.2105159183E-01   8.1647600575E-04   1.4462763595E-04   4.6882623491E-04
    28      1.1923195967E-01   4.1435374888E-04   2.5280542504E-04   4.7514637987E-04
    29     -3.5746523936E-01   1.0218258159E-03   2.4128767510E-05   7.1419913767E-04
    30     -6.9892175034E-03  -1.6092361061E-04   4.0941992386E-04  -8.7096973240E-04
    31     -1.2919086680E-02  -1.4094059420E-04  -1.7925740711E-04   7.4317871916E-05
    32     -1.7246334504E-02  -4.9978931047E-04   1.6567914624E-04  -3.8257073873E-04
    33      1.2749929492E-01  -4.5624534181E-04  -9.0680694703E-05  -1.8578449273E-04
    34     -1.1008948866E-01   2.1453424290E-04  -3.6836116751E-05   8.2508515045E-05
    35      3.7178838983E-01  -2.9081314061E-04  -5.9633137624E-05  -2.7688832884E-04
    36     -2.9081314061E-04   1.0163254820E-01   8.2556663630E-02   1.6251412104E-01
    37     -5.9633137624E-05   8.2556663630E-02   8.5380561854E-02   1.2734467935E-01
    38     -2.7688832884E-04   1.6251412104E-01   1.2734467935E-01   2.9444255028E-01

$vibrational_frequencies
39
    0        0.000000
    1        0.000000
    2        0.000000
    3        0.000000
    4        0.000000
    5        0.000000
    6       18.577686
    7       39.027560
    8       91.432981
    9      132.575695
   10      136.291089
   11      140.518058
   12      168.150009
   13      184.396782
   14      243.136254
   15      256.914941
   16      285.409843
   17      294.598628
   18      302.742332
   19      318.069621
   20      353.894831
   21      377.884678
   22      403.461202
   23      521.771003
   24      554.822748
   25      563.970158
   26      653.079135
   27      697.256827
   28      711.673148
   29      721.975484
   30      723.491320
   31      755.218194
   32      772.602888
   33      870.883149
   34      873.630171
   35     1045.048312
   36     1049.585095
   37     3536.041768
   38     3542.533984

$normal_modes
39 39
                    0                  1                  2                  3                  4        
    0      0.0000000000E+00   0.0000000000E+00   0.0000000000E+00   0.0000000000E+00   0.0000000000E+00
    1      0.0000000000E+00   0.0000000000E+00   0.0000000000E+00   0.0000000000E+00   0.0000000000E+00
    2      0.0000000000E+00   0.0000000000E+00   0.0000000000E+00   0.0000000000E+00   0.0000000000E+00
    3      0.0000000000E+00   0.0000000000E+00   0.0000000000E+00   0.0000000000E+00   0.0000000000E+00
    4      0.0000000000E+00   0.0000000000E+00   0.0000000000E+00   0.0000000000E+00   0.0000000000E+00
    5      0.0000000000E+00   0.0000000000E+00   0.0000000000E+00   0.0000000000E+00   0.0000000000E+00
    6      0.0000000000E+00   0.0000000000E+00   0.0000000000E+00   0.0000000000E+00   0.0000000000E+00
    7      0.0000000000E+00   0.0000000000E+00   0.0000000000E+00   0.0000000000E+00   0.0000000000E+00
    8      0.0000000000E+00   0.0000000000E+00   0.0000000000E+00   0.0000000000E+00   0.0000000000E+00
    9      0.0000000000E+00   0.0000000000E+00   0.0000000000E+00   0.0000000000E+00   0.0000000000E+00
   10      0.0000000000E+00   0.0000000000E+00   0.0000000000E+00   0.0000000000E+00   0.0000000000E+00
   11      0.0000000000E+00   0.0000000000E+00   0.0000000000E+00   0.0000000000E+00   0.0000000000E+00
   12      0.0000000000E+00   0.0000000000E+00   0.0000000000E+00   0.0000000000E+00   0.0000000000E+00
   13      0.0000000000E+00   0.0000000000E+00   0.0000000000E+00   0.0000000000E+00   0.0000000000E+00
   14      0.0000000000E+00   0.0000000000E+00   0.0000000000E+00   0.0000000000E+00   0.0000000000E+00
   15      0.0000000000E+00   0.0000000000E+00   0.0000000000E+00   0.0000000000E+00   0.0000000000E+00
   16      0.0000000000E+00   0.0000000000E+00   0.0000000000E+00   0.0000000000E+00   0.0000000000E+00
   17      0.0000000000E+00   0.0000000000E+00   0.0000000000E+00   0.0000000000E+00   0.0000000000E+00
   18      0.0000000000E+00   0.0000000000E+00   0.0000000000E+00   0.0000000000E+00   0.0000000000E+00
   19      0.0000000000E+00   0.0000000000E+00   0.0000000000E+00   0.0000000000E+00   0.0000000000E+00
   20      0.0000000000E+00   0.0000000000E+00   0.0000000000E+00   0.0000000000E+00   0.0000000000E+00
   21      0.0000000000E+00   0.0000000000E+00   0.0000000000E+00   0.0000000000E+00   0.0000000000E+00
   22      0.0000000000E+00   0.0000000000E+00   0.0000000000E+00   0.0000000000E+00   0.0000000000E+00
   23      0.0000000000E+00   0.0000000000E+00   0.0000000000E+00   0.0000000000E+00   0.0000000000E+00
   24      0.0000000000E+00   0.0000000000E+00   0.0000000000E+00   0.0000000000E+00   0.0000000000E+00
   25      0.0000000000E+00   0.0000000000E+00   0.0000000000E+00   0.0000000000E+00   0.0000000000E+00
   26      0.0000000000E+00   0.0000000000E+00   0.0000000000E+00   0.0000000000E+00   0.0000000000E+00
   27      0.0000000000E+00   0.0000000000E+00   0.0000000000E+00   0.0000000000E+00   0.0000000000E+00
   28      0.0000000000E+00   0.0000000000E+00   0.0000000000E+00   0.0000000000E+00   0.0000000000E+00
   29      0.0000000000E+00   0.0000000000E+00   0.0000000000E+00   0.0000000000E+00   0.0000000000E+00
   30      0.0000000000E+00   0.0000000000E+00   0.0000000000E+00   0.0000000000E+00   0.0000000000E+00
   31      0.0000000000E+00   0.0000000000E+00   0.0000000000E+00   0.0000000000E+00   0.0000000000E+00
   32      0.0000000000E+00   0.0000000000E+00   0.0000000000E+00   0.0000000000E+00   0.0000000000E+00
   33      0.0000000000E+00   0.0000000000E+00   0.0000000000E+00   0.0000000000E+00   0.0000000000E+00
   34      0.0000000000E+00   0.0000000000E+00   0.0000000000E+00   0.0000000000E+00   0.0000000000E+00
   35      0.0000000000E+00   0.0000000000E+00   0.0000000000E+00   0.0000000000E+00   0.0000000000E+00
   36      0.0000000000E+00   0.0000000000E+00   0.0000000000E+00   0.0000000000E+00   0.0000000000E+00
   37      0.0000000000E+00   0.0000000000E+00   0.0000000000E+00   0.0000000000E+00   0.0000000000E+00
   38      0.0000000000E+00   0.0000000000E+00   0.0000000000E+00   0.0000000000E+00   0.0000000000E+00
                    5                  6                  7                  8                  9        
    0      0.0000000000E+00  -6.6032306716E-02   1.5725403534E-01  -1.1123022569E-01   4.1849667168E-02
    1      0.0000000000E+00   6.9364150787E-03   1.0686434796E-01  -6.1926808233E-02   1.7347463720E-01
    2      0.0000000000E+00  -1.7501725512E-01  -2.0764775612E-02   1.1983096103E-01   8.8028386600E-02
    3      0.0000000000E+00   6.1014530294E-02   1.1346319990E-01  -7.1404677793E-02  -4.1761888308E-02
    4      0.0000000000E+00   2.8910628994E-02  -2.3297332536E-01   2.5790198042E-01  -2.0250343876E-01
    5      0.0000000000E+00   2.7393888532E-01   1.3829354038E-01   1.4160855535E-01  -1.8054398995E-01
    6      0.0000000000E+00   1.8340307876E-01  -5.6763302354E-02   7.1406358343E-02  -2.2108319692E-01
    7      0.0000000000E+00  -4.4823540009E-04   1.4499740949E-01   8.0611662082E-02   2.8493420279E-02
    8      0.0000000000E+00  -8.6833801592E-02  -1.1827878049E-01  -1.0322990958E-01   1.6958820968E-01
    9      0.0000000000E+00   1.6485140186E-01   1.3975043686E-01  -9.4504793224E-03   9.4141941845E-02
   10      0.0000000000E+00  -1.1582274579E-01   1.3906300291E-01   9.6559379424E-02  -1.6770616667E-01
   11      0.0000000000E+00  -1.0299789538E-01   6.7333820238E-02   8.4381520061E-02  -6.6670371113E-02
   12      0.0000000000E+00   8.6622495932E-02  -1.8837121487E-01   1.7905611928E-01   3.1444621738E-01
   13      0.0000000000E+00   9.7050692227E-03  -2.0859493893E-01   2.1753474582E-01  -2.0856047786E-02
   14      0.0000000000E+00   3.4888033379E-01  -4.8973537148E-02  -1.4689774718E-01   2.7714128144E-01
   15      0.0000000000E+00  -6.8525688101E-02  -1.2222149619E-01   6.1755200111E-02   8.4709171507E-02
   16      0.0000000000E+00  -2.3927755539E-02   1.4377561367E-01  -1.6796072013E-01  -1.1421371259E-01
   17      0.0000000000E+00  -1.4667129616E-01  -3.7748567044E-02  -1.4159688410E-01  -9.8493236163E-02
   18      0.0000000000E+00  -2.3707830451E-01  -2.8067306456E-01   5.9777208400E-02  -8.2673718258E-02
   19      0.0000000000E+00   8.1432410714E-02  -1.7702977463E-01  -2.9592980629E-01  -1.3297175615E-01
