
$orca_hessian_file

$act_atom
  0

$act_coord
  0

$act_energy
      -93.319192

$hessian
9
                    0                  1                  2                  3                  4        
    0      1.5107354650E+00  -7.2296607833E-02  -2.9255209527E-01  -1.1536680763E+00   5.6287828533E-02
    1     -7.2296607833E-02   4.0211785102E-02   1.4426865536E-02   5.6659062933E-02  -4.0889197932E-03
    2     -2.9255209527E-01   1.4426865536E-02   1.0698868392E-01   2.8101881005E-01  -1.3903002692E-02
    3     -1.1536680763E+00   5.6659062933E-02   2.8101881005E-01   1.1399553560E+00  -5.6215593314E-02
    4      5.6287828533E-02  -4.0889197932E-03  -1.3903002692E-02  -5.6215593314E-02  -1.2887090466E-03
    5      3.0115163839E-01  -1.4789550008E-02  -7.4242023012E-02  -2.9427026477E-01   1.4500847147E-02
    6     -3.5681431095E-01   1.5950515451E-02   1.1236645105E-02   1.3541252595E-02  -4.2016705417E-04
    7      1.5817650388E-02  -3.5959871768E-02  -5.6443339936E-04  -3.5204506515E-04   5.5068277344E-03
    8     -8.4015000775E-03   4.1408684737E-04  -3.2721838827E-02   1.3093932125E-02  -6.4817934149E-04
                    5                  6                  7                  8        
     0      3.0115163839E-01  -3.5681431095E-01   1.5817650388E-02  -8.4015000775E-03
     1     -1.4789550008E-02   1.5950515451E-02  -3.5959871768E-02   4.1408684737E-04
     2     -7.4242023012E-02   1.1236645105E-02  -5.6443339936E-04  -3.2721838827E-02
     3     -2.9427026477E-01   1.3541252595E-02  -3.5204506515E-04   1.3093932125E-02
     4      1.4500847147E-02  -4.2016705417E-04   5.5068277344E-03  -6.4817934149E-04
     5      7.1985931722E-02  -6.5810639599E-03   3.2764721569E-04   2.3342698891E-03
     6     -6.5810639599E-03   3.4318718562E-01  -1.5430273603E-02  -4.6929810177E-03
     7      3.2764721569E-04  -1.5430273603E-02   3.0159884453E-02   2.3598304593E-04
     8      2.3342698891E-03  -4.6929810177E-03   2.3598304593E-04   3.0285118212E-02

$vibrational_frequencies
9
    0        0.000000
    1        0.000000
    2        0.000000
    3        0.000000
    4        0.000000
    5        0.000000
    6      902.350751
    7     2153.551886
    8     3170.634114

$normal_modes
9 9
                    0                  1                  2                  3                  4        
    0      0.0000000000E+00   0.0000000000E+00   0.0000000000E+00   0.0000000000E+00   0.0000000000E+00
    1      0.0000000000E+00   0.0000000000E+00   0.0000000000E+00   0.0000000000E+00   0.0000000000E+00
    2      0.0000000000E+00   0.0000000000E+00   0.0000000000E+00   0.0000000000E+00   0.0000000000E+00
    3      0.0000000000E+00   0.0000000000E+00   0.0000000000E+00   0.0000000000E+00   0.0000000000E+00
    4      0.0000000000E+00   0.0000000000E+00   0.0000000000E+00   0.0000000000E+00   0.0000000000E+00
    5      0.0000000000E+00   0.0000000000E+00   0.0000000000E+00   0.0000000000E+00   0.0000000000E+00
    6      0.0000000000E+00   0.0000000000E+00   0.0000000000E+00   0.0000000000E+00   0.0000000000E+00
    7      0.0000000000E+00   0.0000000000E+00   0.0000000000E+00   0.0000000000E+00   0.0000000000E+00
    8      0.0000000000E+00   0.0000000000E+00   0.0000000000E+00   0.0000000000E+00   0.0000000000E+00
                    5                  6                  7                  8        
     0      0.0000000000E+00  -1.9547514363E-02   3.4719461270E-01   1.0733519482E-01
     1      0.0000000000E+00   1.0226716092E-03  -1.7166479404E-02  -5.3150128972E-03
     2      0.0000000000E+00  -1.3315421354E-01  -9.9236631803E-02  -1.0928961767E-02
     3      0.0000000000E+00   2.2883233294E-02  -4.7130481743E-01  -4.1926486620E-02
     4      0.0000000000E+00  -1.1633741637E-03   2.3308397390E-02   2.0729935314E-03
     5      0.0000000000E+00   7.2366784465E-02   1.2115519529E-01   1.1969256232E-02
     6      0.0000000000E+00  -1.0401601300E-03   7.9135637103E-01  -9.9192960622E-01
     7      0.0000000000E+00  -3.4848626001E-04  -3.9192742095E-02   4.9155417009E-02
     8      0.0000000000E+00   9.8798970317E-01  -6.4670187450E-02   9.2452687275E-03

#
# The atoms: label  mass x y z (in bohrs)
#
$atoms
3
 N     14.00700     -1.911061141973     1.815945556475     0.000001889726
 C     12.01100      0.198717931065     1.711615666347    -0.565345588033
 H      1.00800     -3.908463871005     1.914935080548     0.000005669178

$actual_temperature
  0.000000

$frequency_scale_factor
  1.000000

$dipole_derivatives
9
   -1.1409475068E+00    4.4957587383E-02    2.7065847620E-01
    4.5814964371E-02   -2.3661856546E-01   -1.3561690397E-02
    3.2441233824E-01   -1.6038124752E-02   -3.0992352225E-01
    7.2231504629E-01   -4.5272135130E-02   -2.8034770510E-01
   -4.5342059537E-02   -1.8949483270E-01    1.3671487030E-02
   -2.8410926135E-01    1.4046755542E-02   -1.1681700410E-01
    4.2227914618E-01    1.4723534511E-04    8.4381552738E-03
   -5.8698045051E-03    4.3435548703E-01    2.1249630169E-03
   -3.8392638975E-02    1.8971028150E-03    4.2576939564E-01

#
# The IR spectrum
#  wavenumber eps Int TX TY TZ
#
$ir_spectrum
9
      0.00   0.00000000   0.00000000     0.000000     0.000000     0.000000
      0.00   0.00000000   0.00000000     0.000000     0.000000     0.000000
      0.00   0.00000000   0.00000000     0.000000     0.000000     0.000000
      0.00   0.00000000   0.00000000     0.000000     0.000000     0.000000
      0.00   0.00000000   0.00000000     0.000000     0.000000     0.000000
      0.00   0.00000000   0.00000000     0.000000     0.000000     0.000000
    902.35   0.02939311 148.54072348    -0.014278     0.000664     0.099804
   2153.55   0.00976066  49.32635559    -0.033939     0.001657     0.016118
   3170.63   0.05526115 279.26720691    -0.073494     0.003697     0.004891


$end

