
$orca_hessian_file

$act_atom
  0

$act_coord
  0

$act_energy
      -93.319192

$hessian
9
                    0                  1                  2                  3                  4        
    0      1.5107382041E+00  -7.2297342020E-02  -2.9255000103E-01  -1.1536682633E+00   5.6289316456E-02
    1     -7.2297342020E-02   4.0211955980E-02   1.4427007728E-02   5.6659116938E-02  -4.0888619200E-03
    2     -2.9255000103E-01   1.4427007728E-02   1.0698830075E-01   2.8101869671E-01  -1.3903255020E-02
    3     -1.1536682633E+00   5.6659116938E-02   2.8101869671E-01   1.1399555074E+00  -5.6215511037E-02
    4      5.6289316456E-02  -4.0888619200E-03  -1.3903255020E-02  -5.6215511037E-02  -1.2883988298E-03
    5      3.0115147205E-01  -1.4789754891E-02  -7.4241889465E-02  -2.9427029483E-01   1.4500858426E-02
    6     -3.5681424953E-01   1.5950605017E-02   1.1236543843E-02   1.3541250597E-02  -4.2015762795E-04
    7      1.5816589351E-02  -3.5959792385E-02  -5.6434666723E-04  -3.5209002085E-04   5.5066505159E-03
    8     -8.4017574625E-03   4.1410771367E-04  -3.2721759682E-02   1.3093881189E-02  -6.4817821496E-04
                    5                  6                  7                  8        
     0      3.0115147205E-01  -3.5681424953E-01   1.5816589351E-02  -8.4017574625E-03
     1     -1.4789754891E-02   1.5950605017E-02  -3.5959792385E-02   4.1410771367E-04
     2     -7.4241889465E-02   1.1236543843E-02  -5.6434666723E-04  -3.2721759682E-02
     3     -2.9427029483E-01   1.3541250597E-02  -3.5209002085E-04   1.3093881189E-02
     4      1.4500858426E-02  -4.2015762795E-04   5.5066505159E-03  -6.4817821496E-04
     5      7.1985798292E-02  -6.5810352030E-03   3.2767825051E-04   2.3343075454E-03
     6     -6.5810352030E-03   3.4318722626E-01  -1.5430290603E-02  -4.6929644573E-03
     7      3.2767825051E-04  -1.5430290603E-02   3.0159893022E-02   2.3597284098E-04
     8      2.3343075454E-03  -4.6929644573E-03   2.3597284098E-04   3.0285144884E-02

$vibrational_frequencies
9
    0        0.000000
    1        0.000000
    2        0.000000
    3        0.000000
    4        0.000000
    5        0.000000
    6      902.350990
    7     2153.552350
    8     3170.634270

$normal_modes
9 9
                    0                  1                  2                  3                  4        
    0      0.0000000000E+00   0.0000000000E+00   0.0000000000E+00   0.0000000000E+00   0.0000000000E+00
    1      0.0000000000E+00   0.0000000000E+00   0.0000000000E+00   0.0000000000E+00   0.0000000000E+00
    2      0.0000000000E+00   0.0000000000E+00   0.0000000000E+00   0.0000000000E+00   0.0000000000E+00
    3      0.0000000000E+00   0.0000000000E+00   0.0000000000E+00   0.0000000000E+00   0.0000000000E+00
    4      0.0000000000E+00   0.0000000000E+00   0.0000000000E+00   0.0000000000E+00   0.0000000000E+00
    5      0.0000000000E+00   0.0000000000E+00   0.0000000000E+00   0.0000000000E+00   0.0000000000E+00
    6      0.0000000000E+00   0.0000000000E+00   0.0000000000E+00   0.0000000000E+00   0.0000000000E+00
    7      0.0000000000E+00   0.0000000000E+00   0.0000000000E+00   0.0000000000E+00   0.0000000000E+00
    8      0.0000000000E+00   0.0000000000E+00   0.0000000000E+00   0.0000000000E+00   0.0000000000E+00
                    5                  6                  7                  8        
     0      0.0000000000E+00  -1.9547408330E-02  -3.4719458437E-01   1.0733520617E-01
     1      0.0000000000E+00   1.0226663654E-03   1.7166478057E-02  -5.3150134699E-03
     2      0.0000000000E+00  -1.3315424097E-01   9.9236492466E-02  -1.0928935940E-02
     3      0.0000000000E+00   2.2883113153E-02   4.7130478325E-01  -4.1926499803E-02
     4      0.0000000000E+00  -1.1633682226E-03  -2.3308395730E-02   2.0729941900E-03
     5      0.0000000000E+00   7.2366816563E-02  -1.2115511156E-01   1.1969243398E-02
     6      0.0000000000E+00  -1.0402019840E-03  -7.9135635753E-01  -9.9192960678E-01
     7      0.0000000000E+00  -3.4848418527E-04   3.9192741046E-02   4.9155417121E-02
     8      0.0000000000E+00   9.8798970197E-01   6.4671125992E-02   9.2450627461E-03

#
# The atoms: label  mass x y z (in bohrs)
#
$atoms
3
 N     14.00700     -1.911061141973     1.815945556475     0.000001889726
 C     12.01100      0.198717931065     1.711615666347    -0.565345588033
 H      1.00800     -3.908463871005     1.914935080548     0.000005669178

$actual_temperature
  0.000000

$frequency_scale_factor
  1.000000

$dipole_derivatives
9
   -1.1409476232E+00    4.4957493669E-02    2.7065850951E-01
    4.5814730479E-02   -2.3661867448E-01   -1.3561417261E-02
    3.2441305721E-01   -1.6038207926E-02   -3.0992372696E-01
    7.2231512463E-01   -4.5272057905E-02   -2.8034775104E-01
   -4.5340918560E-02   -1.8949471820E-01    1.3671377605E-02
   -2.8410950562E-01    1.4046702692E-02   -1.1681688584E-01
    4.2227977650E-01    1.4719796024E-04    8.4381342432E-03
   -5.8696272537E-03    4.3435547871E-01    2.1247717083E-03
   -3.8392943255E-02    1.8970950219E-03    4.2576966946E-01

#
# The IR spectrum
#  wavenumber eps Int TX TY TZ
#
$ir_spectrum
9
      0.00   0.00000000   0.00000000     0.000000     0.000000     0.000000
      0.00   0.00000000   0.00000000     0.000000     0.000000     0.000000
      0.00   0.00000000   0.00000000     0.000000     0.000000     0.000000
      0.00   0.00000000   0.00000000     0.000000     0.000000     0.000000
      0.00   0.00000000   0.00000000     0.000000     0.000000     0.000000
      0.00   0.00000000   0.00000000     0.000000     0.000000     0.000000
    902.35   0.02939317 148.54102672    -0.014278     0.000664     0.099804
   2153.55   0.00976063  49.32624258     0.033939    -0.001657    -0.016117
   3170.63   0.05526127 279.26781347    -0.073494     0.003697     0.004891


$end

