
$orca_hessian_file

$act_atom
  0

$act_coord
  0

$act_energy
      -93.162892

$hessian
9
                    0                  1                  2                  3                  4        
    0      8.0468298476E-01  -4.1946787552E-02   5.9780725106E-01  -5.9098907657E-01   2.9183772019E-02
    1     -4.1946787552E-02  -4.4999966832E-02  -2.9564668041E-02   2.9464033145E-02   1.6284505930E-03
    2      5.9780725106E-01  -2.9564668041E-02   5.5928013951E-01  -6.2281983231E-01   3.0847698668E-02
    3     -5.9098907657E-01   2.9464033145E-02  -6.2281983231E-01   5.1552497544E-01  -3.7698666231E-02
    4      2.9183772019E-02   1.6284505930E-03   3.0847698668E-02  -3.7698666231E-02  -2.4095962231E-01
    5     -5.9990134959E-01   2.9694272825E-02  -5.2439942937E-01   1.4768096556E-01  -7.1514583771E-03
    6     -2.1330659727E-01   1.2728023400E-02   2.4691265021E-02   7.5098235646E-02   8.2258981327E-03
    7      1.2800709701E-02   4.2978410122E-02  -1.2580846336E-03   8.2434484498E-03   2.3975805899E-01
    8      1.7729177449E-03  -7.9288349306E-05  -3.4631564500E-02   4.7555583870E-01  -2.3694570731E-02
                    5                  6                  7                  8        
     0     -5.9990134959E-01  -2.1330659727E-01   1.2800709701E-02   1.7729177449E-03
     1      2.9694272825E-02   1.2728023400E-02   4.2978410122E-02  -7.9288349306E-05
     2     -5.2439942937E-01   2.4691265021E-02  -1.2580846336E-03  -3.4631564500E-02
     3      1.4768096556E-01   7.5098235646E-02   8.2434484498E-03   4.7555583870E-01
     4     -7.1514583771E-03   8.2258981327E-03   2.3975805899E-01  -2.3694570731E-02
     5      1.5523730211E+00   4.5256106461E-01  -2.2604681436E-02  -1.0281396117E+00
     6      4.5256106461E-01   1.3819740134E-01  -2.0995690170E-02  -4.7735948114E-01
     7     -2.2604681436E-02  -2.0995690170E-02  -2.8276913328E-01   2.3812755039E-02
     8     -1.0281396117E+00  -4.7735948114E-01   2.3812755039E-02   1.0626946246E+00

$vibrational_frequencies
9
    0        0.000000
    1        0.000000
    2        0.000000
    3        0.000000
    4        0.000000
    5        0.000000
    6    -1225.407187
    7     2253.687532
    8     5975.895916

$normal_modes
9 9
                    0                  1                  2                  3                  4        
    0      0.0000000000E+00   0.0000000000E+00   0.0000000000E+00   0.0000000000E+00   0.0000000000E+00
    1      0.0000000000E+00   0.0000000000E+00   0.0000000000E+00   0.0000000000E+00   0.0000000000E+00
    2      0.0000000000E+00   0.0000000000E+00   0.0000000000E+00   0.0000000000E+00   0.0000000000E+00
    3      0.0000000000E+00   0.0000000000E+00   0.0000000000E+00   0.0000000000E+00   0.0000000000E+00
    4      0.0000000000E+00   0.0000000000E+00   0.0000000000E+00   0.0000000000E+00   0.0000000000E+00
    5      0.0000000000E+00   0.0000000000E+00   0.0000000000E+00   0.0000000000E+00   0.0000000000E+00
    6      0.0000000000E+00   0.0000000000E+00   0.0000000000E+00   0.0000000000E+00   0.0000000000E+00
    7      0.0000000000E+00   0.0000000000E+00   0.0000000000E+00   0.0000000000E+00   0.0000000000E+00
    8      0.0000000000E+00   0.0000000000E+00   0.0000000000E+00   0.0000000000E+00   0.0000000000E+00
                    5                  6                  7                  8        
     0      0.0000000000E+00   2.4647374816E-02  -3.6434712935E-01   6.8965659050E-03
     1      0.0000000000E+00  -1.2267388330E-03   1.8023507054E-02  -3.4192759502E-04
     2      0.0000000000E+00  -5.0123466895E-02  -3.1793971343E-01  -1.3386136062E-03
     3      0.0000000000E+00   4.9830695178E-02   3.7935048996E-01   2.4330251915E-02
     4      0.0000000000E+00  -2.4605739678E-03  -1.8765618145E-02  -1.2136800113E-03
     5      0.0000000000E+00   8.6064334718E-02   3.3174480480E-01  -7.5560511605E-02
     6      0.0000000000E+00  -9.3626216154E-01   5.4268998590E-01  -3.8574489522E-01
     7      0.0000000000E+00   4.6365957105E-02  -2.6846650550E-02   1.9213184959E-02
     8      0.0000000000E+00  -3.2900726537E-01   4.6507412263E-01   9.1895562070E-01

#
# The atoms: label  mass x y z (in bohrs)
#
$atoms
3
 N     14.00700     -1.911061141973     1.815945556475     0.000001889726
 C     12.01100     -3.450161819828     1.892059945697    -1.551461376497
 H      1.00800     -3.908463871005     1.914935080548     0.000005669178

$actual_temperature
  0.000000

$frequency_scale_factor
  1.000000

$dipole_derivatives
9
   -9.9790647276E-02    4.0605558468E-03   -1.2554948081E-01
    3.9862155372E-03   -1.6879580268E-02    6.1497632848E-03
    1.6578584307E-02   -8.3557097741E-04   -1.5328528569E-01
   -2.2899126727E-01    3.7337769893E-03    1.3000683165E-01
    3.3933551067E-03   -1.5843672910E-01   -6.1590534300E-03
    1.8522343426E-01   -9.1741611879E-03    6.2357031325E-03
    3.3034036876E-01   -7.8956495768E-03   -3.7154435075E-03
   -8.2078412158E-03    1.7440673673E-01   -8.3741439235E-04
   -2.0321851395E-01    1.0080353786E-02    1.4739309309E-01

#
# The IR spectrum
#  wavenumber eps Int TX TY TZ
#
$ir_spectrum
9
      0.00   0.00000000   0.00000000     0.000000     0.000000     0.000000
      0.00   0.00000000   0.00000000     0.000000     0.000000     0.000000
      0.00   0.00000000   0.00000000     0.000000     0.000000     0.000000
      0.00   0.00000000   0.00000000     0.000000     0.000000     0.000000
      0.00   0.00000000   0.00000000     0.000000     0.000000     0.000000
      0.00   0.00000000   0.00000000     0.000000     0.000000     0.000000
  -1225.41   0.00000000   0.00000000     0.000000     0.000000     0.000000
   2253.69   0.00150544   7.60786449     0.005661    -0.000278     0.013279
   5975.90   0.02353923 118.95761435    -0.032347     0.001612     0.013427


$end

