
$orca_hessian_file

$act_atom
  0

$act_coord
  0

$act_energy
      -93.305879

$hessian
9
                    0                  1                  2                  3                  4        
    0      6.4484146694E-01  -3.1408401158E-02  -5.8180499847E-01  -3.0700473834E-01   1.5726029026E-02
    1     -3.1408401158E-02   1.4278347149E-02   2.9575527355E-02   1.6145417300E-02   1.5089532489E-02
    2     -5.8180499847E-01   2.9575527355E-02   8.7979277228E-01   5.4263333649E-01  -2.7426388202E-02
    3     -3.0700473834E-01   1.6145417300E-02   5.4263333649E-01   3.1837433570E-01  -1.6931821543E-02
    4      1.5726029026E-02   1.5089532489E-02  -2.7426388202E-02  -1.6931821543E-02  -2.2942524512E-02
    5      5.7624413867E-01  -2.8930207890E-02  -8.8088870005E-01  -5.6218089558E-01   2.8043185041E-02
    6     -3.3795895726E-01   1.5370800606E-02   3.9079209871E-02  -1.1284975431E-02   1.0609505210E-03
    7      1.5395371570E-02  -2.8656754833E-02  -2.0235226912E-03   8.8239775504E-04   7.2434895428E-03
    8      5.8991009704E-03  -3.1283427345E-04   1.4734035242E-03   1.9443337936E-02  -9.5071455217E-04
                    5                  6                  7                  8        
     0      5.7624413867E-01  -3.3795895726E-01   1.5395371570E-02   5.8991009704E-03
     1     -2.8930207890E-02   1.5370800606E-02  -2.8656754833E-02  -3.1283427345E-04
     2     -8.8088870005E-01   3.9079209871E-02  -2.0235226912E-03   1.4734035242E-03
     3     -5.6218089558E-01  -1.1284975431E-02   8.8239775504E-04   1.9443337936E-02
     4      2.8043185041E-02   1.0609505210E-03   7.2434895428E-03  -9.5071455217E-04
     5      9.0447980759E-01  -1.3935249425E-02   7.6920982602E-04  -2.3644881483E-02
     6     -1.3935249425E-02   3.4928160196E-01  -1.6240730414E-02  -2.5378111936E-02
     7      7.6920982602E-04  -1.6240730414E-02   2.1311443419E-02   1.2553750094E-03
     8     -2.3644881483E-02  -2.5378111936E-02   1.2553750094E-03   2.1847878242E-02

$vibrational_frequencies
9
    0        0.000000
    1        0.000000
    2        0.000000
    3        0.000000
    4        0.000000
    5        0.000000
    6      701.168002
    7     2215.495301
    8     3156.679153

$normal_modes
9 9
                    0                  1                  2                  3                  4        
    0      0.0000000000E+00   0.0000000000E+00   0.0000000000E+00   0.0000000000E+00   0.0000000000E+00
    1      0.0000000000E+00   0.0000000000E+00   0.0000000000E+00   0.0000000000E+00   0.0000000000E+00
    2      0.0000000000E+00   0.0000000000E+00   0.0000000000E+00   0.0000000000E+00   0.0000000000E+00
    3      0.0000000000E+00   0.0000000000E+00   0.0000000000E+00   0.0000000000E+00   0.0000000000E+00
    4      0.0000000000E+00   0.0000000000E+00   0.0000000000E+00   0.0000000000E+00   0.0000000000E+00
    5      0.0000000000E+00   0.0000000000E+00   0.0000000000E+00   0.0000000000E+00   0.0000000000E+00
    6      0.0000000000E+00   0.0000000000E+00   0.0000000000E+00   0.0000000000E+00   0.0000000000E+00
    7      0.0000000000E+00   0.0000000000E+00   0.0000000000E+00   0.0000000000E+00   0.0000000000E+00
    8      0.0000000000E+00   0.0000000000E+00   0.0000000000E+00   0.0000000000E+00   0.0000000000E+00
                    5                  6                  7                  8        
     0      0.0000000000E+00  -6.6036180895E-02   2.3122708002E-01   7.8285646961E-02
     1      0.0000000000E+00   3.2783666483E-03  -1.1431959736E-02  -3.8781559629E-03
     2      0.0000000000E+00  -9.0147634270E-02  -4.3632920680E-01  -2.5620995952E-02
     3      0.0000000000E+00   7.4872876146E-02  -3.1825685829E-01  -7.9752031778E-03
     4      0.0000000000E+00  -3.7120191463E-03   1.5739440155E-02   3.9371631323E-04
     5      0.0000000000E+00   2.2017196463E-02   5.2595840135E-01   2.4283156716E-02
     6      0.0000000000E+00   2.5466934931E-02   5.7915219742E-01  -9.9281437661E-01
     7      0.0000000000E+00  -1.3244242813E-03  -2.8689440162E-02   4.9198813427E-02
     8      0.0000000000E+00   9.9032675248E-01  -2.0399122904E-01   6.6674895813E-02

#
# The atoms: label  mass x y z (in bohrs)
#
$atoms
3
 N     14.00700     -1.911061141973     1.815945556475     0.000001889726
 C     12.01100     -0.827301314443     1.762354813043    -1.898486904278
 H      1.00800     -3.908463871005     1.914935080548     0.000005669178

$actual_temperature
  0.000000

$frequency_scale_factor
  1.000000

$dipole_derivatives
9
   -3.4853268724E-01    7.6567697468E-03    3.7922929282E-01
    3.3659303283E-03   -1.9939377173E-01   -1.8431655889E-02
    5.8629968304E-01   -2.9000874676E-02   -9.4670450646E-01
   -6.2208160454E-02   -5.5469807563E-03   -3.6285786730E-01
   -7.2528246894E-03   -1.7515812673E-01    2.4510541358E-02
   -4.4900096070E-01    2.2205447763E-02    5.3659465846E-01
    4.0827531439E-01   -1.9724074869E-03   -1.8905787027E-02
   -3.7527999094E-03    3.6261059929E-01   -4.4157150788E-04
   -1.2625064080E-01    6.2510844368E-03    4.0572462240E-01

#
# The IR spectrum
#  wavenumber eps Int TX TY TZ
#
$ir_spectrum
9
      0.00   0.00000000   0.00000000     0.000000     0.000000     0.000000
      0.00   0.00000000   0.00000000     0.000000     0.000000     0.000000
      0.00   0.00000000   0.00000000     0.000000     0.000000     0.000000
      0.00   0.00000000   0.00000000     0.000000     0.000000     0.000000
      0.00   0.00000000   0.00000000     0.000000     0.000000     0.000000
      0.00   0.00000000   0.00000000     0.000000     0.000000     0.000000
    701.17   0.03496935 176.72078136    -0.041870     0.002065     0.117500
   2215.50   0.01696017  85.70975394    -0.016587     0.000832     0.045968
   3156.68   0.04050225 204.68174918    -0.061347     0.003003     0.015216


$end

