
$orca_opt_file

$trust
    0.300000000000

$epredict
    0.000000000000

$ediffsc
  1000.000000000000

$ctyp
  3

$coordinates
 4 12
 -12.16644946   4.42641297   0.07199528 -10.24397862   4.43694964  -0.03777423
 -12.75528519   2.99092931  -1.06849305 -12.75529072   6.05258005  -0.77470483

 -12.16118723   4.42784399   0.05708227 -10.27344707   4.43740946  -0.04256658
 -12.74318213   3.01524616  -1.05621627 -12.74318756   6.02637235  -0.76727625

 -12.15796112   4.42872634   0.04788709 -10.26719991   4.43686913  -0.03693561
 -12.74791875   3.00829624  -1.05508465 -12.74792421   6.03298025  -0.76484367

 -12.15363979   4.42989593   0.03569856 -10.26282412   4.43628311  -0.03082846
 -12.75226730   3.00268347  -1.05255455 -12.75227278   6.03800945  -0.76129239


# redundant internal coordinates
#  nbonds nangles ndihedrals nimpropers ncartesians
# bond  definitions A B
# angle definitions A B C
# dihedral definitions A B C D
# improper torsion definitions A B C D
# cartesian definitions A x/y/z
$redundant_internals
 3 3 0 1 0
   1   0   0
   2   0   0
   3   0   0
   1   0   3   0   0
   2   0   3   0   0
   1   0   2   0   0
   1   3   2   0   0
$energies
 4
 -56.2095708587034935
 -56.2103062824884248
 -56.2103709255429393
 -56.2103966895721214

$gradients
 4 12
  -0.0065206698679150  -0.0017616823860983   0.0183588623775668   0.0147343558602895
   0.0001630566245241  -0.0016990004556290  -0.0041068200900496  -0.0106857693739704
  -0.0094320109423425  -0.0041068659049188   0.0122843951365406  -0.0072278509796480

  -0.0008770238672411  -0.0002340602268998   0.0024392081069196  -0.0019073144989248
   0.0001525785101445  -0.0015900867369737   0.0013921642567113   0.0020419688553466
  -0.0002325287223883   0.0013921741081661  -0.0019604871369383  -0.0006165926474322

  -0.0007876978224430  -0.0002059573403936   0.0021463118472873  -0.0001827277547042
   0.0000843355059285  -0.0008788826507852   0.0004852118950335   0.0004486367343224
  -0.0005964995602101   0.0004852136804468  -0.0003270148975880  -0.0006709296363623

  -0.0001353942002382  -0.0000277544785345   0.0002892411640145   0.0001370977082149
   0.0000069641314530  -0.0000725721685752  -0.0000008515343047  -0.0000904020205652
  -0.0001180068344151  -0.0000008519762619   0.0001111923684309  -0.0000986621608265


$redundant_coords
 4 7
   1.9256309298289873   1.9256309296316061   1.9256309314708246   1.8500140966063299
   1.8500140966700289   1.8500140973510697  -1.0951155782190036
   1.8903926349346050   1.8903926337096049   1.8903926270459686   1.8547725449980585
   1.8548806980152577   1.8547725607688210  -1.0848465096467677
   1.8926804160451602   1.8926749171972574   1.8926749186727567   1.8634577003765118
   1.8636860047134955   1.8634577080427186  -1.0658342805448047
   1.8919964453981484   1.8919791530302057   1.8919791519632518   1.8739450333231975
   1.8741884232285686   1.8739450331677183  -1.0423922289362331

$redundant_gradients
 4 7
   0.0148079187147409   0.0148079191576634   0.0148079226780246  -0.0004412501536978
  -0.0010898156061883  -0.0004412546860050  -0.0011652950082685
  -0.0018200474633019  -0.0018175268531163  -0.0018175307644615  -0.0008482926039575
  -0.0020830703980871  -0.0008482897041113  -0.0022689177356967
  -0.0001427915106893  -0.0001403248772467  -0.0001403241004807  -0.0004415227695960
  -0.0010580896410758  -0.0004415215966816  -0.0012036095357668
   0.0001395873595975   0.0001363408594285   0.0001363402454844  -0.0000379011458641
  -0.0000436399377489  -0.0000379013239093  -0.0000880722730888

$hessian_approx
 12 12
                  0          1          2          3          4          5    
      0       0.667454  -0.013228   0.137851  -0.418089  -0.008120   0.084615
      1      -0.013228   0.712206   0.037339  -0.003273  -0.141282  -0.012732
      2       0.137851   0.037339   0.326664   0.034106  -0.012732  -0.009823
      3      -0.418089  -0.003273   0.034106   0.464797   0.000944  -0.009823
      4      -0.008120  -0.141282  -0.012732   0.000944   0.110990   0.007549
      5       0.084615  -0.012732  -0.009823  -0.009823   0.007549   0.033041
      6      -0.124683  -0.012338  -0.087954  -0.023355  -0.060051  -0.043502
      7      -0.023770  -0.253020  -0.159246  -0.040189   0.013174   0.009136
      8      -0.114538  -0.200348  -0.190865  -0.016109   0.016399  -0.009639
      9      -0.124683   0.028840  -0.084003  -0.023355   0.067229  -0.031289
     10       0.045118  -0.317906   0.134638   0.042519   0.017117  -0.003954
     11      -0.107927   0.175740  -0.125978  -0.008173  -0.011216  -0.013581
                  6          7          8          9         10         11    
      0      -0.124683  -0.023770  -0.114538  -0.124683   0.045118  -0.107927
      1      -0.012338  -0.253020  -0.200348   0.028840  -0.317906   0.175740
      2      -0.087954  -0.159246  -0.190865  -0.084003   0.134638  -0.125978
      3      -0.023355  -0.040189  -0.016109  -0.023355   0.042519  -0.008173
      4      -0.060051   0.013174   0.016399   0.067229   0.017117  -0.011216
      5      -0.043502   0.009136  -0.009639  -0.031289  -0.003954  -0.013581
      6       0.130178   0.071690   0.094418   0.017858   0.000700   0.037038
      7       0.071690   0.304014   0.175735  -0.007730  -0.064169  -0.025625
      8       0.094418   0.175735   0.174785   0.036230   0.008214   0.025718
      9       0.017858  -0.007730   0.036230   0.130179  -0.088336   0.079062
     10       0.000700  -0.064169   0.008214  -0.088336   0.364958  -0.138899
     11       0.037038  -0.025625   0.025718   0.079062  -0.138899   0.113840

$bmatrix
 7 12
                  0          1          2          3          4          5    
      0      -0.999376  -0.003376   0.035162   0.999376   0.003376  -0.035162
      1       0.316403   0.754349   0.575193   0.000000   0.000000   0.000000
      2       0.316406  -0.849964   0.421247   0.000000   0.000000   0.000000
      3       0.491140   0.613652  -0.328213   0.010004  -0.471263   0.239098
      4      -0.455184   0.068776  -0.716746   0.000000   0.000000   0.000000
      5       0.491142  -0.540039  -0.438918   0.010003   0.417196   0.324352
      6       0.735827   0.096015  -1.000584   0.018670  -0.050454   0.525797
                  6          7          8          9         10         11    
      0       0.000000   0.000000   0.000000   0.000000   0.000000   0.000000
      1      -0.316403  -0.754349  -0.575193   0.000000   0.000000   0.000000
      2       0.000000   0.000000   0.000000  -0.316406   0.849964  -0.421247
      3       0.000000   0.000000   0.000000  -0.501145  -0.142389   0.089115
      4       0.227592  -0.345927   0.328479   0.227591   0.277151   0.388268
      5      -0.501145   0.122842   0.114566   0.000000   0.000000   0.000000
      6      -0.377249  -0.022780   0.237393  -0.377249  -0.022780   0.237393

