
$orca_hessian_file

$act_atom
  0

$act_coord
  0

$act_energy
    -4507.039686

$hessian
39
                    0                  1                  2                  3                  4        
    0      1.9129742418E-01  -2.1857770171E-02  -8.7001054461E-02  -9.2521256167E-03  -9.7418781044E-03
    1     -2.1857770171E-02   4.6910584255E-02   2.4737931143E-02  -1.8697856087E-02   5.0720526118E-03
    2     -8.7001054461E-02   2.4737931143E-02   1.8490824341E-01   2.5801731057E-02   2.1713024874E-02
    3     -9.2521256167E-03  -1.8697856087E-02   2.5801731057E-02   7.3790480822E-02   3.3534835849E-02
    4     -9.7418781044E-03   5.0720526118E-03   2.1713024874E-02   3.3534835849E-02   1.9348736175E-01
    5      1.2122255520E-02   1.5608717861E-02  -2.2360567351E-02  -2.2428628263E-02  -1.1394986959E-01
    6     -4.2109766592E-03   1.6711684968E-02   1.5543216943E-02   1.9094953674E-03  -1.3539289888E-03
    7      1.1673793318E-02  -4.7834238182E-03  -2.5640503380E-02  -9.7849340314E-03  -4.7382575959E-02
    8      7.6564631589E-03  -1.6779768774E-02  -1.3130278994E-02  -6.5443208985E-03   9.0258146437E-03
    9     -4.7595735928E-03  -2.0327688779E-03  -9.0290263300E-03  -1.6393606189E-02  -4.0852357474E-03
   10      5.8662420403E-04   1.1019196115E-03  -6.2074762685E-03  -7.4726297437E-03  -8.6285336048E-03
   11     -1.3881037300E-02  -6.9078173332E-03  -2.2819264887E-03  -5.5452706729E-03  -2.2155365677E-03
   12     -1.3285567605E-02   8.1165552558E-03  -1.1653672004E-02  -4.6569762136E-03   7.5966560192E-04
   13      2.5145445814E-03  -2.5989595271E-03   6.0048478418E-03  -8.0708044405E-03   5.6429269741E-03
   14     -1.4395928716E-02   7.5670712225E-03  -3.6262478921E-03  -1.0178235782E-03   3.4827943324E-03
   15     -6.3034680005E-03   4.1915973121E-04  -4.9429857098E-03  -5.2387959574E-03   1.7973350845E-03
   16      1.9463267253E-03  -3.6270134303E-03   2.1006204513E-03  -4.8027765476E-03  -7.2191121632E-04
   17     -5.7974874411E-03  -2.5819762766E-03  -1.7950374565E-02  -3.9474813109E-03  -6.0967468332E-03
   18     -1.1043325653E-02   4.0871546605E-03   4.8617918172E-03   3.5300594010E-05   3.2190389822E-03
   19      1.1179179736E-03   4.2213248817E-03  -6.1778602304E-04  -2.8114333126E-03   3.7220613097E-03
   20     -6.0559838723E-03   1.1548346348E-03  -3.9743737413E-04  -1.2569120024E-03   2.4524598670E-03
   21     -1.5390170397E-01   2.2221621133E-02   5.8791388546E-02  -9.9050654945E-03   1.9947157587E-02
   22      1.8916955811E-02  -2.8221314181E-02  -1.0397410325E-02   1.3930089129E-02  -1.1294246406E-01
   23      5.1851564322E-02  -6.9672982333E-03  -3.8180420454E-02   8.9674866201E-03   8.9418132553E-02
   24      8.8980001508E-03  -5.1747750884E-03  -6.8687745559E-03  -2.2918420365E-02  -5.2887620540E-02
   25     -4.5726538970E-03  -1.3645396166E-02  -1.2364015306E-02   7.0611652512E-03  -3.6490062132E-02
   26      5.4360948857E-02  -1.5081013065E-02  -9.7275768191E-02   8.1268260439E-03  -1.3327721843E-02
   27     -3.2853250186E-04  -1.9590898875E-03  -4.9985017280E-04  -3.7506038130E-03   1.7304897068E-03
   28      4.1054876270E-04  -7.9784023579E-04   2.4597008613E-03   1.9405881106E-03   4.0211294797E-03
   29      8.6284071169E-04  -8.7696656676E-05  -2.8158202122E-03  -4.1261760887E-03   1.3164588296E-04
   30      2.3831793398E-03  -1.7661063562E-03   1.5153505422E-02  -2.9849756856E-03   9.0344135397E-03
   31     -5.5617221949E-04  -5.0889179463E-04  -2.0644971308E-03  -4.4289657720E-03  -5.1098416948E-03
   32      1.5918706960E-03  -2.6043278945E-03   7.6785423198E-03   6.3941389416E-04   9.2469771717E-03
   33      5.1310917462E-04   2.0417079426E-05  -4.4692883601E-04  -1.2013968891E-03  -3.4727253127E-04
   34      2.1023555188E-04  -3.2346156861E-04  -7.9221740895E-04  -1.9586718783E-03  -7.8797101639E-04
   35     -7.0224849844E-04   1.0874228174E-04   5.8273786577E-04   1.0918609109E-05  -2.0146132474E-04
   36     -5.7501845827E-06  -8.7732009257E-05   2.8764936533E-04   5.7413618472E-04  -1.6101116728E-03
   37     -6.5987276111E-04  -2.7874092466E-03   1.0810996232E-03   1.5840808714E-03   1.2203446458E-04
   38     -6.2535405944E-04   1.8385219745E-03   4.8611040478E-03   1.3361152325E-03   3.2839464483E-04
                    5                  6                  7                  8                  9        
    0      1.2122255520E-02  -4.2109766592E-03   1.1673793318E-02   7.6564631589E-03  -4.7595735928E-03
    1      1.5608717861E-02   1.6711684968E-02  -4.7834238182E-03  -1.6779768774E-02  -2.0327688779E-03
    2     -2.2360567351E-02   1.5543216943E-02  -2.5640503380E-02  -1.3130278994E-02  -9.0290263300E-03
    3     -2.2428628263E-02   1.9094953674E-03  -9.7849340314E-03  -6.5443208985E-03  -1.6393606189E-02
    4     -1.1394986959E-01  -1.3539289888E-03  -4.7382575959E-02   9.0258146437E-03  -4.0852357474E-03
    5      1.4449138404E-01  -7.5312789313E-03  -1.2127247783E-03   1.0571168929E-02  -1.5144457227E-03
    6     -7.5312789313E-03   6.6014093279E-02  -1.2482471057E-02   2.0893934505E-03  -2.2705446961E-02
    7     -1.2127247783E-03  -1.2482471057E-02   2.3858121445E-01   9.2893676305E-02   4.3043286325E-03
    8      1.0571168929E-02   2.0893934505E-03   9.2893676305E-02   9.9939913524E-02  -9.0789032943E-03
    9     -1.5144457227E-03  -2.2705446961E-02   4.3043286325E-03  -9.0789032943E-03   8.8813467083E-02
   10     -1.0141653071E-03   7.1503056391E-03   5.5070858339E-03   2.7545610015E-03   3.0847696148E-02
   11     -3.8355809801E-03  -6.2345771307E-03  -1.6496244069E-03  -2.9976056232E-03   1.5125173847E-02
   12     -2.2733133752E-03  -9.0627872539E-03   8.0286035584E-03  -7.7909120273E-03   7.6381691513E-03
   13     -4.1832955170E-03   1.9654429899E-03  -4.8598096785E-03   5.4215236188E-04  -5.0516543206E-03
   14     -7.6800307650E-04   2.8004921180E-03   1.9635845973E-03  -2.0967924646E-03  -6.3481786908E-03
   15     -1.4174185189E-02   4.5670974080E-04  -4.7205379727E-03  -9.6492985159E-03  -6.4154502312E-03
   16     -5.5180909735E-03  -6.1817819957E-05   2.9630461130E-03   3.5048524396E-03  -1.8971556578E-02
   17     -3.9255752220E-03   1.2229655875E-03   1.2372900369E-03  -3.7230231951E-03   2.4045078982E-02
   18     -2.9955157503E-03  -6.4674306219E-04  -3.6229342390E-03  -3.4133478178E-03  -1.6873586707E-03
   19      4.2284757737E-03   4.8423906178E-03   2.2066903047E-03  -3.9568959939E-03  -1.2207880344E-04
   20     -7.2109100486E-03  -2.2203803695E-03  -3.7419885949E-03  -5.9166990059E-03   1.9696238812E-03
   21     -3.3648235839E-03  -1.1136085186E-02  -4.3073153232E-02  -1.3581254609E-02   1.2359760576E-02
   22      8.4367041220E-02  -2.9089808631E-02  -1.2522687417E-01  -7.2890832934E-02  -1.8712307978E-03
   23     -1.0560774715E-01   1.6305932397E-03  -7.5820700450E-02  -7.0045796281E-02   8.5630674470E-03
   24      4.6656990949E-02  -1.1515829704E-02   5.2303253201E-02   3.6918297001E-02  -2.6098127276E-02
   25      2.7728101175E-02   1.3783751962E-02  -6.7672607836E-02  -2.1370878505E-02  -3.1505128060E-02
   26     -1.0648548521E-02  -4.3054407572E-03   2.0200428782E-02  -1.8635125785E-02  -1.8811630850E-03
   27     -1.0523523366E-03  -3.2278899034E-03   1.6386327017E-03   1.3963916644E-03  -3.6181342353E-03
   28      6.0557395205E-04  -1.8128281338E-03  -3.2579185273E-03   1.8693952551E-03  -1.2195940889E-03
   29     -1.6416300610E-03  -2.6182580082E-03   3.2488323422E-03  -1.8798888339E-03  -4.3256697441E-03
   30     -3.4738994933E-03  -6.4433486021E-03  -6.8750338698E-03   2.2413607906E-03  -2.8085190991E-02
   31     -1.8475797813E-03   2.2905485307E-03   1.4815937105E-03   3.7690347064E-04   2.7377956979E-02
   32     -1.9994562818E-03  -1.9401217005E-03  -1.0632124789E-02   5.9555179056E-03  -1.8663071585E-02
   33     -7.6583032763E-04  -5.8228015766E-05   7.9835969254E-04  -1.0534060236E-03   8.0408802984E-04
   34     -2.6161834423E-04  -8.9819706093E-04   1.4577165447E-03  -2.5434972426E-04   2.3619074335E-03
   35     -7.8658893671E-05   2.7955009699E-04  -3.0936559949E-05   1.1421092846E-04   1.2579651522E-03
   36      7.9919361156E-04   6.2987646358E-04   1.8150511328E-03   8.0757962746E-04   1.4671484753E-04
   37     -4.5459505007E-03  -1.0168278105E-03   9.7651159295E-04   4.2916785379E-03  -2.6588209583E-05
   38      3.0105207603E-03   1.3023442935E-03  -8.3033148056E-04   1.8463488553E-03  -1.1605194212E-04
                   10                 11                 12                 13                 14        
    0      5.8662420403E-04  -1.3881037300E-02  -1.3285567605E-02   2.5145445814E-03  -1.4395928716E-02
    1      1.1019196115E-03  -6.9078173332E-03   8.1165552558E-03  -2.5989595271E-03   7.5670712225E-03
    2     -6.2074762685E-03  -2.2819264887E-03  -1.1653672004E-02   6.0048478418E-03  -3.6262478921E-03
    3     -7.4726297437E-03  -5.5452706729E-03  -4.6569762136E-03  -8.0708044405E-03  -1.0178235782E-03
    4     -8.6285336048E-03  -2.2155365677E-03   7.5966560192E-04   5.6429269741E-03   3.4827943324E-03
    5     -1.0141653071E-03  -3.8355809801E-03  -2.2733133752E-03  -4.1832955170E-03  -7.6800307650E-04
    6      7.1503056391E-03  -6.2345771307E-03  -9.0627872539E-03   1.9654429899E-03   2.8004921180E-03
    7      5.5070858339E-03  -1.6496244069E-03   8.0286035584E-03  -4.8598096785E-03   1.9635845973E-03
    8      2.7545610015E-03  -2.9976056232E-03  -7.7909120273E-03   5.4215236188E-04  -2.0967924646E-03
    9      3.0847696148E-02   1.5125173847E-02   7.6381691513E-03  -5.0516543206E-03  -6.3481786908E-03
   10      2.2852090088E-01  -8.6993487647E-02   6.5779417265E-03  -3.9362421870E-02  -8.4899045652E-05
   11     -8.6993487647E-02   1.0534245045E-01  -3.1005531122E-03  -4.2440455768E-03   1.0163121454E-02
   12      6.5779417265E-03  -3.1005531122E-03   6.5286543049E-02  -2.9339960385E-02  -8.4115172803E-03
   13     -3.9362421870E-02  -4.2440455768E-03  -2.9339960385E-02   2.0670762069E-01   1.0372849752E-01
   14     -8.4899045652E-05   1.0163121454E-02  -8.4115172803E-03   1.0372849752E-01   1.2612416248E-01
   15     -1.4146009847E-02   7.3854995091E-03  -1.0745209297E-02   1.2287342501E-02   9.8115653953E-03
   16     -1.7721526661E-03   2.0824567457E-02   1.9368731669E-02   1.4335036447E-03  -2.1113649514E-02
   17      2.3067591768E-02  -1.8300177589E-02   2.0391386506E-02  -2.1104674614E-02  -2.6573233738E-02
   18     -3.0494752262E-03  -1.3347534459E-04  -4.8137060861E-03   3.2615459247E-03   1.2589950945E-03
   19     -4.2334541596E-04   1.0412985096E-03  -1.1062239508E-03  -4.0723654754E-04  -1.2341039532E-03
   20      2.9503201956E-04  -1.2913000834E-03   5.4303808101E-04   2.3111487015E-03  -3.6047131374E-03
   21      8.1743789885E-03   2.2414751269E-04   6.7904586371E-03  -1.7545103736E-03  -1.1602940430E-02
   22     -2.8989365789E-03  -8.1211087156E-04   5.3339023421E-03  -1.1025599293E-03   1.4848376029E-04
   23      5.6159162617E-03  -3.0543220529E-04   1.6903001913E-03   1.1238276053E-04  -4.2902301484E-03
   24     -7.7458472303E-02   3.1649366248E-02  -3.2286879603E-02   5.9861934129E-02   3.5942603557E-02
   25     -7.0037324236E-02   1.2247258788E-02  -2.3828533909E-03  -5.9804726988E-02  -2.3887565765E-02
   26     -1.8437291010E-02  -5.9138002972E-03   1.2319852638E-02   6.8093996193E-03  -4.2474505432E-03
   27      7.7886291709E-03  -7.4132420029E-03  -2.4774531440E-03  -4.0947023031E-03  -6.9241293852E-03
   28     -1.1259617142E-03   2.1445874327E-03  -2.9582801575E-03  -3.5326599119E-03   1.7481257336E-03
   29      8.6915510236E-03  -1.9073357724E-03  -1.7600661805E-03  -5.2463953829E-03   1.4104942478E-03
   30      3.6772910249E-02  -1.9392159319E-02  -3.3450594552E-03  -2.9643091113E-02  -2.4567215731E-03
   31     -1.1407628208E-01   6.7984425454E-02  -1.5128924449E-02  -1.0441295469E-01  -7.1619821994E-02
   32      7.3857185350E-02  -7.7318516573E-02   4.7509674156E-04  -8.9026629693E-02  -9.4208341487E-02
   33      3.5436089601E-03   1.4563046087E-03   7.1825357112E-04  -1.2885065567E-03   1.0978212562E-03
   34      2.8177491978E-03  -9.0352668862E-04   2.7664708141E-03   1.5993262812E-03  -7.4682821491E-04
   35     -4.5615699235E-04  -1.6509274437E-03   1.3341250412E-03   3.5661427666E-03   1.0533030467E-03
   36      6.7264902520E-04  -1.3753239280E-04   2.3409628721E-04  -6.4674330674E-04   2.4593337215E-04
   37      3.6877409895E-04  -5.1975877404E-04  -5.0492283635E-05   7.1640332680E-04   3.8645958314E-05
   38     -1.0874781112E-03   2.9357434847E-04  -1.7714574173E-03   7.3256088636E-04   6.5734992021E-04
                   15                 16                 17                 18                 19        
    0     -6.3034680005E-03   1.9463267253E-03  -5.7974874411E-03  -1.1043325653E-02   1.1179179736E-03
    1      4.1915973121E-04  -3.6270134303E-03  -2.5819762766E-03   4.0871546605E-03   4.2213248817E-03
    2     -4.9429857098E-03   2.1006204513E-03  -1.7950374565E-02   4.8617918172E-03  -6.1778602304E-04
    3     -5.2387959574E-03  -4.8027765476E-03  -3.9474813109E-03   3.5300594010E-05  -2.8114333126E-03
    4      1.7973350845E-03  -7.2191121632E-04  -6.0967468332E-03   3.2190389822E-03   3.7220613097E-03
    5     -1.4174185189E-02  -5.5180909735E-03  -3.9255752220E-03  -2.9955157503E-03   4.2284757737E-03
    6      4.5670974080E-04  -6.1817819957E-05   1.2229655875E-03  -6.4674306219E-04   4.8423906178E-03
    7     -4.7205379727E-03   2.9630461130E-03   1.2372900369E-03  -3.6229342390E-03   2.2066903047E-03
    8     -9.6492985159E-03   3.5048524396E-03  -3.7230231951E-03  -3.4133478178E-03  -3.9568959939E-03
    9     -6.4154502312E-03  -1.8971556578E-02   2.4045078982E-02  -1.6873586707E-03  -1.2207880344E-04
   10     -1.4146009847E-02  -1.7721526661E-03   2.3067591768E-02  -3.0494752262E-03  -4.2334541596E-04
   11      7.3854995091E-03   2.0824567457E-02  -1.8300177589E-02  -1.3347534459E-04   1.0412985096E-03
   12     -1.0745209297E-02   1.9368731669E-02   2.0391386506E-02  -4.8137060861E-03  -1.1062239508E-03
   13      1.2287342501E-02   1.4335036447E-03  -2.1104674614E-02   3.2615459247E-03  -4.0723654754E-04
   14      9.8115653953E-03  -2.1113649514E-02  -2.6573233738E-02   1.2589950945E-03  -1.2341039532E-03
   15      1.8976187260E-01   1.2365277609E-02  -1.1026738901E-01  -4.1104635293E-03  -8.9525631311E-04
   16      1.2365277609E-02   5.3623908832E-02  -1.3945529389E-02   9.8012527618E-04   4.8604327762E-04
   17     -1.1026738901E-01  -1.3945529389E-02   1.6751416894E-01  -5.2566767529E-03   1.1448991272E-03
   18     -4.1104635293E-03   9.8012527618E-04  -5.2566767529E-03   5.3273822400E-01  -1.8713175570E-02
   19     -8.9525631311E-04   4.8604327762E-04   1.1448991272E-03  -1.8713175570E-02   2.2077957229E-02
   20     -2.2395724618E-03   2.5590465724E-03   1.8138870712E-03   4.1758048070E-02   7.8125295464E-03
   21     -6.0253392272E-03   4.8238937080E-03   1.0003773508E-02  -9.4712613122E-02  -6.8854761823E-03
   22     -2.0492981327E-04  -7.0466138791E-04  -1.0647220995E-03  -3.6681110983E-03  -2.5709955267E-02
   23     -6.3626974355E-03   1.3506238921E-03  -2.3274628990E-03  -1.0950216593E-01  -5.1003688716E-03
   24      3.8686676232E-03  -4.0115139684E-03  -1.9248821692E-02   5.8125768987E-03   2.1304536193E-03
   25      4.2155045053E-04  -2.2449631431E-02   1.3245332661E-02  -3.8970372422E-03   3.8466839978E-03
   26      6.2214661346E-02   7.9991964696E-03  -5.5404008673E-02  -9.5978797817E-03   7.0619591526E-04
   27     -6.7084523050E-03  -5.3956852704E-03   1.6793870486E-03  -1.2629610279E-03  -6.6495845634E-04
   28     -2.5720452107E-03   1.3031384000E-03  -5.4372380989E-04   1.9219842790E-04  -3.8055034599E-04
   29     -3.2652813120E-03   4.0619908925E-03   2.0581727903E-03  -1.6139986782E-03  -2.6346067813E-04
   30     -1.5224231704E-01  -8.6160315804E-03   8.6944497405E-02   1.0444496771E-02   4.5144444410E-04
   31     -4.2452889466E-03  -2.9989040986E-02   5.2823781335E-03  -1.8323841489E-04  -3.0513903265E-05
   32      7.3526182969E-02   1.0882138904E-03  -4.1325619121E-02   7.2247443919E-03  -6.2797192687E-04
   33      3.8332725076E-03   2.7156629685E-03  -9.0912641454E-05   9.6859893161E-04   5.9139561133E-05
   34     -6.1933482443E-04  -7.0200626702E-04   2.0448703864E-03   9.6098434398E-05  -7.2144955491E-05
   35     -7.2610661237E-04  -3.0645867177E-03   4.4477869569E-04   1.0838378254E-03   5.2966528366E-05
   36     -1.2963933452E-04  -3.4354810715E-04   3.1804501287E-04  -4.3172448369E-01   2.2598486746E-02
   37      9.6173125695E-05   1.6354401439E-04  -7.0125880538E-04   2.1281259912E-02  -9.5375437907E-03
   38     -1.3289264703E-03   1.5514591827E-04  -2.3075691302E-03   7.6314985572E-02  -3.1857781548E-03
                   20                 21                 22                 23                 24        
    0     -6.0559838723E-03  -1.5390170397E-01   1.8916955811E-02   5.1851564322E-02   8.8980001508E-03
    1      1.1548346348E-03   2.2221621133E-02  -2.8221314181E-02  -6.9672982333E-03  -5.1747750884E-03
    2     -3.9743737413E-04   5.8791388546E-02  -1.0397410325E-02  -3.8180420454E-02  -6.8687745559E-03
    3     -1.2569120024E-03  -9.9050654945E-03   1.3930089129E-02   8.9674866201E-03  -2.2918420365E-02
    4      2.4524598670E-03   1.9947157587E-02  -1.1294246406E-01   8.9418132553E-02  -5.2887620540E-02
    5     -7.2109100486E-03  -3.3648235839E-03   8.4367041220E-02  -1.0560774715E-01   4.6656990949E-02
    6     -2.2203803695E-03  -1.1136085186E-02  -2.9089808631E-02   1.6305932397E-03  -1.1515829704E-02
    7     -3.7419885949E-03  -4.3073153232E-02  -1.2522687417E-01  -7.5820700450E-02   5.2303253201E-02
    8     -5.9166990059E-03  -1.3581254609E-02  -7.2890832934E-02  -7.0045796281E-02   3.6918297001E-02
    9      1.9696238812E-03   1.2359760576E-02  -1.8712307978E-03   8.5630674470E-03  -2.6098127276E-02
   10      2.9503201956E-04   8.1743789885E-03  -2.8989365789E-03   5.6159162617E-03  -7.7458472303E-02
   11     -1.2913000834E-03   2.2414751269E-04  -8.1211087156E-04  -3.0543220529E-04   3.1649366248E-02
   12      5.4303808101E-04   6.7904586371E-03   5.3339023421E-03   1.6903001913E-03  -3.2286879603E-02
   13      2.3111487015E-03  -1.7545103736E-03  -1.1025599293E-03   1.1238276053E-04   5.9861934129E-02
   14     -3.6047131374E-03  -1.1602940430E-02   1.4848376029E-04  -4.2902301484E-03   3.5942603557E-02
   15     -2.2395724618E-03  -6.0253392272E-03  -2.0492981327E-04  -6.3626974355E-03   3.8686676232E-03
   16      2.5590465724E-03   4.8238937080E-03  -7.0466138791E-04   1.3506238921E-03  -4.0115139684E-03
   17      1.8138870712E-03   1.0003773508E-02  -1.0647220995E-03  -2.3274628990E-03  -1.9248821692E-02
   18      4.1758048070E-02  -9.4712613122E-02  -3.6681110983E-03  -1.0950216593E-01   5.8125768987E-03
   19      7.8125295464E-03  -6.8854761823E-03  -2.5709955267E-02  -5.1003688716E-03   2.1304536193E-03
   20      1.9033918994E-01  -1.1255612523E-01  -4.7401240265E-03  -1.6597374615E-01   1.4424000013E-02
   21     -1.1255612523E-01   3.7373650986E-01  -2.8920536156E-03   1.6215199754E-01  -6.9804969519E-02
   22     -4.7401240265E-03  -2.8920536156E-03   2.4061016501E-01  -3.8171392767E-03  -9.7823646330E-04
   23     -1.6597374615E-01   1.6215199754E-01  -3.8171392767E-03   4.1035839454E-01  -1.0407569992E-01
   24      1.4424000013E-02  -6.9804969519E-02  -9.7823646330E-04  -1.0407569992E-01   1.8847218676E-01
   25     -5.9564945189E-03  -6.6693336309E-03   5.3490103217E-02  -5.9718830265E-03   2.3967057131E-02
   26      2.0906191097E-02  -5.1990721790E-02   1.1212989333E-02  -8.2755736574E-03   2.6705383719E-02
   27     -5.7843066556E-03  -2.3442845080E-03   4.1622800809E-04   4.4833858458E-03   1.7210530515E-02
   28     -5.5512902035E-03  -1.1388505215E-02   4.8374014349E-05  -1.8606692544E-03   1.7300627242E-02
   29     -6.2134021720E-04   7.4689400878E-03  -6.6761432526E-04   5.1304583819E-03  -2.3440844646E-03
   30     -4.3047401545E-03  -3.2491754355E-02   3.1993078474E-04  -9.1179450668E-03  -5.6210130618E-02
   31      6.3503985330E-03   1.2909218211E-02  -2.8782809571E-03   1.9399596593E-03  -1.2362842518E-02
   32     -7.7496257298E-03  -3.2496518445E-02  -9.7824530217E-04  -1.0582707590E-02  -5.7224876590E-02
   33      1.9011987338E-03   3.1569734590E-03  -3.2073727820E-04   6.7686553258E-04  -4.4083704156E-03
   34      2.8656638853E-04   3.0114800458E-03   1.4870499544E-04   2.2143111369E-03  -1.9195671820E-03
   35      1.3786548018E-03   2.5530460490E-04   2.5045829561E-04  -7.4518862046E-04  -1.6424896303E-04
   36      7.3835799335E-02  -1.5697153688E-02   1.0890428232E-04  -1.0956631913E-02  -1.0776203480E-03
   37     -3.2375839707E-03   1.5379540665E-03   5.3818456023E-03  -1.1485527236E-03  -7.6392619839E-04
   38     -2.1670159028E-02  -1.3350525603E-02  -6.1052502178E-04  -9.1951175865E-03  -2.3259715697E-03
                   25                 26                 27                 28                 29        
    0     -4.5726538970E-03   5.4360948857E-02  -3.2853250186E-04   4.1054876270E-04   8.6284071169E-04
    1     -1.3645396166E-02  -1.5081013065E-02  -1.9590898875E-03  -7.9784023579E-04  -8.7696656676E-05
    2     -1.2364015306E-02  -9.7275768191E-02  -4.9985017280E-04   2.4597008613E-03  -2.8158202122E-03
    3      7.0611652512E-03   8.1268260439E-03  -3.7506038130E-03   1.9405881106E-03  -4.1261760887E-03
    4     -3.6490062132E-02  -1.3327721843E-02   1.7304897068E-03   4.0211294797E-03   1.3164588296E-04
    5      2.7728101175E-02  -1.0648548521E-02  -1.0523523366E-03   6.0557395205E-04  -1.6416300610E-03
    6      1.3783751962E-02  -4.3054407572E-03  -3.2278899034E-03  -1.8128281338E-03  -2.6182580082E-03
    7     -6.7672607836E-02   2.0200428782E-02   1.6386327017E-03  -3.2579185273E-03   3.2488323422E-03
    8     -2.1370878505E-02  -1.8635125785E-02   1.3963916644E-03   1.8693952551E-03  -1.8798888339E-03
    9     -3.1505128060E-02  -1.8811630850E-03  -3.6181342353E-03  -1.2195940889E-03  -4.3256697441E-03
   10     -7.0037324236E-02  -1.8437291010E-02   7.7886291709E-03  -1.1259617142E-03   8.6915510236E-03
   11      1.2247258788E-02  -5.9138002972E-03  -7.4132420029E-03   2.1445874327E-03  -1.9073357724E-03
   12     -2.3828533909E-03   1.2319852638E-02  -2.4774531440E-03  -2.9582801575E-03  -1.7600661805E-03
   13     -5.9804726988E-02   6.8093996193E-03  -4.0947023031E-03  -3.5326599119E-03  -5.2463953829E-03
   14     -2.3887565765E-02  -4.2474505432E-03  -6.9241293852E-03   1.7481257336E-03   1.4104942478E-03
   15      4.2155045053E-04   6.2214661346E-02  -6.7084523050E-03  -2.5720452107E-03  -3.2652813120E-03
   16     -2.2449631431E-02   7.9991964696E-03  -5.3956852704E-03   1.3031384000E-03   4.0619908925E-03
   17      1.3245332661E-02  -5.5404008673E-02   1.6793870486E-03  -5.4372380989E-04   2.0581727903E-03
   18     -3.8970372422E-03  -9.5978797817E-03  -1.2629610279E-03   1.9219842790E-04  -1.6139986782E-03
   19      3.8466839978E-03   7.0619591526E-04  -6.6495845634E-04  -3.8055034599E-04  -2.6346067813E-04
   20     -5.9564945189E-03   2.0906191097E-02  -5.7843066556E-03  -5.5512902035E-03  -6.2134021720E-04
   21     -6.6693336309E-03  -5.1990721790E-02  -2.3442845080E-03  -1.1388505215E-02   7.4689400878E-03
   22      5.3490103217E-02   1.1212989333E-02   4.1622800809E-04   4.8374014349E-05  -6.6761432526E-04
   23     -5.9718830265E-03  -8.2755736574E-03   4.4833858458E-03  -1.8606692544E-03   5.1304583819E-03
   24      2.3967057131E-02   2.6705383719E-02   1.7210530515E-02   1.7300627242E-02  -2.3440844646E-03
   25      1.5694841773E-01   4.8056637875E-03  -3.9712818653E-03   8.4016536238E-03  -7.6970091186E-03
   26      4.8056637875E-03   1.9591490236E-01   4.3146527784E-03   4.8361108754E-03   4.4213754565E-03
   27     -3.9712818653E-03   4.3146527784E-03   2.6259643601E-01  -4.1069726546E-02   2.0381181628E-01
   28      8.4016536238E-03   4.8361108754E-03  -4.1069726546E-02   2.0545653580E-01  -1.5814519275E-01
   29     -7.6970091186E-03   4.4213754565E-03   2.0381181628E-01  -1.5814519275E-01   2.7517208733E-01
   30      9.9039228092E-03  -9.8496118129E-02  -1.8684880005E-01  -5.8806692324E-02  -8.0488096814E-02
   31      5.1654788086E-02  -8.6685801652E-03  -5.6135253488E-02  -3.6531975903E-02  -3.1705708705E-02
   32      2.0009762506E-02  -1.3238418947E-02  -8.0715664643E-02  -3.5026286468E-02  -5.9845008112E-02
   33     -2.4217653338E-03  -8.2626129836E-04  -7.1051551531E-02   9.9287484579E-02  -1.1248325645E-01
   34     -2.5786424029E-03  -1.6081709942E-03   1.0141937455E-01  -1.7356212147E-01   1.8749708896E-01
   35      1.0864044851E-04  -1.3717239349E-03  -1.1467558057E-01   1.8675446104E-01  -2.1986009174E-01
   36      2.8343301755E-04  -9.7734763413E-04   1.8136914171E-03   7.0027302720E-04   8.7858187345E-04
   37     -1.6798694108E-03   5.8783854827E-04   3.0023949146E-04  -4.5421415286E-05   1.8638821992E-04
   38     -9.0420757507E-04  -6.1755071552E-03   1.3840295645E-03   7.0142756190E-04   3.8916636194E-04
                   30                 31                 32                 33                 34        
    0      2.3831793398E-03  -5.5617221949E-04   1.5918706960E-03   5.1310917462E-04   2.1023555188E-04
    1     -1.7661063562E-03  -5.0889179463E-04  -2.6043278945E-03   2.0417079426E-05  -3.2346156861E-04
    2      1.5153505422E-02  -2.0644971308E-03   7.6785423198E-03  -4.4692883601E-04  -7.9221740895E-04
    3     -2.9849756856E-03  -4.4289657720E-03   6.3941389416E-04  -1.2013968891E-03  -1.9586718783E-03
    4      9.0344135397E-03  -5.1098416948E-03   9.2469771717E-03  -3.4727253127E-04  -7.8797101639E-04
    5     -3.4738994933E-03  -1.8475797813E-03  -1.9994562818E-03  -7.6583032763E-04  -2.6161834423E-04
    6     -6.4433486021E-03   2.2905485307E-03  -1.9401217005E-03  -5.8228015766E-05  -8.9819706093E-04
    7     -6.8750338698E-03   1.4815937105E-03  -1.0632124789E-02   7.9835969254E-04   1.4577165447E-03
    8      2.2413607906E-03   3.7690347064E-04   5.9555179056E-03  -1.0534060236E-03  -2.5434972426E-04
    9     -2.8085190991E-02   2.7377956979E-02  -1.8663071585E-02   8.0408802984E-04   2.3619074335E-03
   10      3.6772910249E-02  -1.1407628208E-01   7.3857185350E-02   3.5436089601E-03   2.8177491978E-03
   11     -1.9392159319E-02   6.7984425454E-02  -7.7318516573E-02   1.4563046087E-03  -9.0352668862E-04
   12     -3.3450594552E-03  -1.5128924449E-02   4.7509674156E-04   7.1825357112E-04   2.7664708141E-03
   13     -2.9643091113E-02  -1.0441295469E-01  -8.9026629693E-02  -1.2885065567E-03   1.5993262812E-03
   14     -2.4567215731E-03  -7.1619821994E-02  -9.4208341487E-02   1.0978212562E-03  -7.4682821491E-04
   15     -1.5224231704E-01  -4.2452889466E-03   7.3526182969E-02   3.8332725076E-03  -6.1933482443E-04
   16     -8.6160315804E-03  -2.9989040986E-02   1.0882138904E-03   2.7156629685E-03  -7.0200626702E-04
   17      8.6944497405E-02   5.2823781335E-03  -4.1325619121E-02  -9.0912641454E-05   2.0448703864E-03
   18      1.0444496771E-02  -1.8323841489E-04   7.2247443919E-03   9.6859893161E-04   9.6098434398E-05
   19      4.5144444410E-04  -3.0513903265E-05  -6.2797192687E-04   5.9139561133E-05  -7.2144955491E-05
   20     -4.3047401545E-03   6.3503985330E-03  -7.7496257298E-03   1.9011987338E-03   2.8656638853E-04
   21     -3.2491754355E-02   1.2909218211E-02  -3.2496518445E-02   3.1569734590E-03   3.0114800458E-03
   22      3.1993078474E-04  -2.8782809571E-03  -9.7824530217E-04  -3.2073727820E-04   1.4870499544E-04
   23     -9.1179450668E-03   1.9399596593E-03  -1.0582707590E-02   6.7686553258E-04   2.2143111369E-03
   24     -5.6210130618E-02  -1.2362842518E-02  -5.7224876590E-02  -4.4083704156E-03  -1.9195671820E-03
   25      9.9039228092E-03   5.1654788086E-02   2.0009762506E-02  -2.4217653338E-03  -2.5786424029E-03
   26     -9.8496118129E-02  -8.6685801652E-03  -1.3238418947E-02  -8.2626129836E-04  -1.6081709942E-03
   27     -1.8684880005E-01  -5.6135253488E-02  -8.0715664643E-02  -7.1051551531E-02   1.0141937455E-01
   28     -5.8806692324E-02  -3.6531975903E-02  -3.5026286468E-02   9.9287484579E-02  -1.7356212147E-01
   29     -8.0488096814E-02  -3.1705708705E-02  -5.9845008112E-02  -1.1248325645E-01   1.8749708896E-01
   30      4.7230744379E-01   5.2737005584E-02   1.2194226290E-01  -1.5769578980E-02  -3.8014706505E-03
   31      5.2737005584E-02   2.3908295460E-01   3.3661194232E-02  -1.2373161929E-03   9.9103066693E-04
   32      1.2194226290E-01   3.3661194232E-02   2.9422157278E-01  -1.4613734717E-02   4.4669947259E-04
   33     -1.5769578980E-02  -1.2373161929E-03  -1.4613734717E-02   8.2932908475E-02  -1.0088515947E-01
   34     -3.8014706505E-03   9.9103066693E-04   4.4669947259E-04  -1.0088515947E-01   1.7088940222E-01
   35     -1.2545196682E-02   1.1394249953E-03  -4.9534486884E-03   1.2509308648E-01  -1.8823829528E-01
   36     -6.8222636183E-04  -1.0311346487E-03   2.8152935191E-04  -4.3786299485E-04   2.1797414219E-04
   37      3.0607763097E-04   3.2772641057E-04   5.9387189689E-04   8.2869828977E-05   1.2643929630E-04
   38      3.9979254584E-03  -8.2280492296E-04   3.3511074935E-03   5.5661249685E-05   3.2248380882E-04
                   35                 36                 37                 38        
     0     -7.0224849844E-04  -5.7501845827E-06  -6.5987276111E-04  -6.2535405944E-04
     1      1.0874228174E-04  -8.7732009257E-05  -2.7874092466E-03   1.8385219745E-03
     2      5.8273786577E-04   2.8764936533E-04   1.0810996232E-03   4.8611040478E-03
     3      1.0918609109E-05   5.7413618472E-04   1.5840808714E-03   1.3361152325E-03
     4     -2.0146132474E-04  -1.6101116728E-03   1.2203446458E-04   3.2839464483E-04
     5     -7.8658893671E-05   7.9919361156E-04  -4.5459505007E-03   3.0105207603E-03
     6      2.7955009699E-04   6.2987646358E-04  -1.0168278105E-03   1.3023442935E-03
     7     -3.0936559949E-05   1.8150511328E-03   9.7651159295E-04  -8.3033148056E-04
     8      1.1421092846E-04   8.0757962746E-04   4.2916785379E-03   1.8463488553E-03
     9      1.2579651522E-03   1.4671484753E-04  -2.6588209583E-05  -1.1605194212E-04
    10     -4.5615699235E-04   6.7264902520E-04   3.6877409895E-04  -1.0874781112E-03
    11     -1.6509274437E-03  -1.3753239280E-04  -5.1975877404E-04   2.9357434847E-04
    12      1.3341250412E-03   2.3409628721E-04  -5.0492283635E-05  -1.7714574173E-03
    13      3.5661427666E-03  -6.4674330674E-04   7.1640332680E-04   7.3256088636E-04
    14      1.0533030467E-03   2.4593337215E-04   3.8645958314E-05   6.5734992021E-04
    15     -7.2610661237E-04  -1.2963933452E-04   9.6173125695E-05  -1.3289264703E-03
    16     -3.0645867177E-03  -3.4354810715E-04   1.6354401439E-04   1.5514591827E-04
    17      4.4477869569E-04   3.1804501287E-04  -7.0125880538E-04  -2.3075691302E-03
    18      1.0838378254E-03  -4.3172448369E-01   2.1281259912E-02   7.6314985572E-02
    19      5.2966528366E-05   2.2598486746E-02  -9.5375437907E-03  -3.1857781548E-03
    20      1.3786548018E-03   7.3835799335E-02  -3.2375839707E-03  -2.1670159028E-02
    21      2.5530460490E-04  -1.5697153688E-02   1.5379540665E-03  -1.3350525603E-02
    22      2.5045829561E-04   1.0890428232E-04   5.3818456023E-03  -6.1052502178E-04
    23     -7.4518862046E-04  -1.0956631913E-02  -1.1485527236E-03  -9.1951175865E-03
    24     -1.6424896303E-04  -1.0776203480E-03  -7.6392619839E-04  -2.3259715697E-03
    25      1.0864044851E-04   2.8343301755E-04  -1.6798694108E-03  -9.0420757507E-04
    26     -1.3717239349E-03  -9.7734763413E-04   5.8783854827E-04  -6.1755071552E-03
    27     -1.1467558057E-01   1.8136914171E-03   3.0023949146E-04   1.3840295645E-03
    28      1.8675446104E-01   7.0027302720E-04  -4.5421415286E-05   7.0142756190E-04
    29     -2.1986009174E-01   8.7858187345E-04   1.8638821992E-04   3.8916636194E-04
    30     -1.2545196682E-02  -6.8222636183E-04   3.0607763097E-04   3.9979254584E-03
    31      1.1394249953E-03  -1.0311346487E-03   3.2772641057E-04  -8.2280492296E-04
    32     -4.9534486884E-03   2.8152935191E-04   5.9387189689E-04   3.3511074935E-03
    33      1.2509308648E-01  -4.3786299485E-04   8.2869828977E-05   5.5661249685E-05
    34     -1.8823829528E-01   2.1797414219E-04   1.2643929630E-04   3.2248380882E-04
    35      2.2509690900E-01  -5.0132295388E-04   1.4687525346E-05  -1.3006352716E-05
    36     -5.0132295388E-04   4.4635288058E-01  -2.2671110854E-02  -6.4876843849E-02
    37      1.4687525346E-05  -2.2671110854E-02   5.8655310893E-03   3.3569336075E-03
    38     -1.3006352716E-05  -6.4876843849E-02   3.3569336075E-03   2.4946382782E-02

$vibrational_frequencies
39
    0        0.000000
    1        0.000000
    2        0.000000
    3        0.000000
    4        0.000000
    5        0.000000
    6       49.530778
    7       65.290359
    8       73.054902
    9       79.197882
   10      113.435390
   11      162.582103
   12      206.659851
   13      218.704453
   14      229.285352
   15      261.196772
   16      312.894917
   17      323.530488
   18      333.583511
   19      355.692170
   20      366.933346
   21      385.491990
   22      397.978258
   23      425.157158
   24      439.007941
   25      442.679019
   26      495.713887
   27      658.472708
   28      684.189970
   29      693.698336
   30      700.205669
   31      716.922053
   32      720.988154
   33      737.534823
   34      761.087484
   35      818.429979
   36      826.688159
   37     3562.756409
   38     3567.783938

$normal_modes
39 39
                    0                  1                  2                  3                  4        
    0      0.0000000000E+00   0.0000000000E+00   0.0000000000E+00   0.0000000000E+00   0.0000000000E+00
    1      0.0000000000E+00   0.0000000000E+00   0.0000000000E+00   0.0000000000E+00   0.0000000000E+00
    2      0.0000000000E+00   0.0000000000E+00   0.0000000000E+00   0.0000000000E+00   0.0000000000E+00
    3      0.0000000000E+00   0.0000000000E+00   0.0000000000E+00   0.0000000000E+00   0.0000000000E+00
    4      0.0000000000E+00   0.0000000000E+00   0.0000000000E+00   0.0000000000E+00   0.0000000000E+00
    5      0.0000000000E+00   0.0000000000E+00   0.0000000000E+00   0.0000000000E+00   0.0000000000E+00
    6      0.0000000000E+00   0.0000000000E+00   0.0000000000E+00   0.0000000000E+00   0.0000000000E+00
    7      0.0000000000E+00   0.0000000000E+00   0.0000000000E+00   0.0000000000E+00   0.0000000000E+00
    8      0.0000000000E+00   0.0000000000E+00   0.0000000000E+00   0.0000000000E+00   0.0000000000E+00
    9      0.0000000000E+00   0.0000000000E+00   0.0000000000E+00   0.0000000000E+00   0.0000000000E+00
   10      0.0000000000E+00   0.0000000000E+00   0.0000000000E+00   0.0000000000E+00   0.0000000000E+00
   11      0.0000000000E+00   0.0000000000E+00   0.0000000000E+00   0.0000000000E+00   0.0000000000E+00
   12      0.0000000000E+00   0.0000000000E+00   0.0000000000E+00   0.0000000000E+00   0.0000000000E+00
   13      0.0000000000E+00   0.0000000000E+00   0.0000000000E+00   0.0000000000E+00   0.0000000000E+00
   14      0.0000000000E+00   0.0000000000E+00   0.0000000000E+00   0.0000000000E+00   0.0000000000E+00
   15      0.0000000000E+00   0.0000000000E+00   0.0000000000E+00   0.0000000000E+00   0.0000000000E+00
   16      0.0000000000E+00   0.0000000000E+00   0.0000000000E+00   0.0000000000E+00   0.0000000000E+00
   17      0.0000000000E+00   0.0000000000E+00   0.0000000000E+00   0.0000000000E+00   0.0000000000E+00
   18      0.0000000000E+00   0.0000000000E+00   0.0000000000E+00   0.0000000000E+00   0.0000000000E+00
   19      0.0000000000E+00   0.0000000000E+00   0.0000000000E+00   0.0000000000E+00   0.0000000000E+00
   20      0.0000000000E+00   0.0000000000E+00   0.0000000000E+00   0.0000000000E+00   0.0000000000E+00
   21      0.0000000000E+00   0.0000000000E+00   0.0000000000E+00   0.0000000000E+00   0.0000000000E+00
   22      0.0000000000E+00   0.0000000000E+00   0.0000000000E+00   0.0000000000E+00   0.0000000000E+00
   23      0.0000000000E+00   0.0000000000E+00   0.0000000000E+00   0.0000000000E+00   0.0000000000E+00
   24      0.0000000000E+00   0.0000000000E+00   0.0000000000E+00   0.0000000000E+00   0.0000000000E+00
   25      0.0000000000E+00   0.0000000000E+00   0.0000000000E+00   0.0000000000E+00   0.0000000000E+00
   26      0.0000000000E+00   0.0000000000E+00   0.0000000000E+00   0.0000000000E+00   0.0000000000E+00
   27      0.0000000000E+00   0.0000000000E+00   0.0000000000E+00   0.0000000000E+00   0.0000000000E+00
   28      0.0000000000E+00   0.0000000000E+00   0.0000000000E+00   0.0000000000E+00   0.0000000000E+00
   29      0.0000000000E+00   0.0000000000E+00   0.0000000000E+00   0.0000000000E+00   0.0000000000E+00
   30      0.0000000000E+00   0.0000000000E+00   0.0000000000E+00   0.0000000000E+00   0.0000000000E+00
   31      0.0000000000E+00   0.0000000000E+00   0.0000000000E+00   0.0000000000E+00   0.0000000000E+00
   32      0.0000000000E+00   0.0000000000E+00   0.0000000000E+00   0.0000000000E+00   0.0000000000E+00
   33      0.0000000000E+00   0.0000000000E+00   0.0000000000E+00   0.0000000000E+00   0.0000000000E+00
   34      0.0000000000E+00   0.0000000000E+00   0.0000000000E+00   0.0000000000E+00   0.0000000000E+00
   35      0.0000000000E+00   0.0000000000E+00   0.0000000000E+00   0.0000000000E+00   0.0000000000E+00
   36      0.0000000000E+00   0.0000000000E+00   0.0000000000E+00   0.0000000000E+00   0.0000000000E+00
   37      0.0000000000E+00   0.0000000000E+00   0.0000000000E+00   0.0000000000E+00   0.0000000000E+00
   38      0.0000000000E+00   0.0000000000E+00   0.0000000000E+00   0.0000000000E+00   0.0000000000E+00
                    5                  6                  7                  8                  9        
    0      0.0000000000E+00  -4.4220934203E-03   3.8287474935E-03  -7.2532131241E-02   4.3638106704E-02
    1      0.0000000000E+00  -2.6775996260E-01   1.7820059314E-01   3.3525887366E-02   2.3047095567E-02
    2      0.0000000000E+00   1.0974546344E-01   4.0871302544E-02  -1.7894968672E-02  -2.7836455536E-02
    3      0.0000000000E+00  -1.5170491655E-01   5.6658130508E-02   3.9050565341E-02  -1.7394085152E-02
    4      0.0000000000E+00   1.8808036517E-01  -6.7348604220E-02   3.5916821268E-02   6.5694522905E-02
    5      0.0000000000E+00   2.3432422906E-01  -6.4078277283E-02   4.0325608747E-02  -4.5497750805E-02
    6      0.0000000000E+00   2.8842267098E-02  -1.3514748509E-01   1.1280278520E-02   6.6931571737E-02
    7      0.0000000000E+00   1.0145971972E-01  -6.7567952698E-02   3.4584931309E-03   9.4385991491E-02
    8      0.0000000000E+00  -1.7075487181E-01   1.2865000414E-01   2.1046499730E-02  -4.8131582894E-02
    9      0.0000000000E+00  -1.9704862268E-01   6.3443142081E-02   8.7045014707E-02  -6.5600364555E-04
   10      0.0000000000E+00   1.7451268010E-01   3.3851033215E-02   2.3351606567E-02   2.6672222034E-02
   11      0.0000000000E+00   1.6203506751E-01  -2.9964640534E-02  -6.8395420796E-02   1.1737552805E-01
   12      0.0000000000E+00   1.7524491607E-01  -6.6494854463E-02  -1.1295069480E-02   2.9302768154E-02
   13      0.0000000000E+00   1.3661557923E-01   2.1036442522E-02   7.5672355154E-03   5.9963170362E-02
   14      0.0000000000E+00  -1.8511614087E-01   6.3695026353E-02  -1.0730083872E-01  -4.1202945123E-02
   15      0.0000000000E+00   3.6905459726E-02  -3.2434638399E-02   6.8779586739E-02  -5.5481233747E-02
   16      0.0000000000E+00  -2.6207625942E-01   1.6885356987E-01   6.9675739663E-02  -9.3443241109E-02
   17      0.0000000000E+00   2.4918366030E-02   3.3347819968E-02  -3.6730736446E-02  -3.7191681911E-02
   18      0.0000000000E+00   2.1118880150E-01   1.7309681457E-01  -4.1657591083E-03  -1.8551599782E-01
   19      0.0000000000E+00  -3.0097113624E-02  -1.6742317008E-01  -1.6154155547E-01  -3.4071297531E-01
