
$orca_opt_file

$trust
    0.300000000000

$epredict
    0.000000000000

$ediffsc
  1000.000000000000

$ctyp
  3

$coordinates
 4 12
 -12.16644946   4.42641297   0.07199528 -10.24397862   4.43694964  -0.03777423
 -12.75528519   2.99092931  -1.06849305 -12.75529072   6.05258005  -0.77470483

 -12.15730048   4.42892112   0.04585721 -10.26815860   4.43683075  -0.03653559
 -12.74776974   3.00874959  -1.05421872 -12.74777518   6.03237050  -0.76407974

 -12.15048689   4.43078530   0.02643025 -10.26131381   4.43590389  -0.02687644
 -12.75459890   2.99978025  -1.05015051 -12.75460439   6.04040253  -0.75838013

 -12.14375248   4.43259002   0.00762292 -10.25392071   4.43497576  -0.01720404
 -12.76166264   2.99066871  -1.04641531 -12.76166816   6.04863747  -0.75298041


# redundant internal coordinates
#  nbonds nangles ndihedrals nimpropers ncartesians
# bond  definitions A B
# angle definitions A B C
# dihedral definitions A B C D
# improper torsion definitions A B C D
# cartesian definitions A x/y/z
$redundant_internals
 3 3 0 1 0
   1   0   0
   2   0   0
   3   0   0
   1   0   3   0   0
   2   0   3   0   0
   1   0   2   0   0
   1   3   2   0   0
$energies
 4
 -56.1998650735540863
 -56.2007743252248986
 -56.2009431431154098
 -56.2010034452790492

$gradients
 4 12
  -0.0081212481599835  -0.0021941090341330   0.0228652746341829   0.0143986061498471
   0.0003365533741102  -0.0035070694756577  -0.0031386559362770  -0.0097614756601998
  -0.0107049164907325  -0.0031387020570449   0.0116190313207172  -0.0086532886678155

  -0.0019649460513154  -0.0005193386111567   0.0054121530050106  -0.0015058242693566
   0.0002471383184827  -0.0025755070958929   0.0017353800172463   0.0020726573246708
  -0.0012324966147248   0.0017353903021854  -0.0018004570306864  -0.0016041492942267

  -0.0009594192014128  -0.0002374480589098   0.0024744699978436  -0.0009869316087898
   0.0001252224118746  -0.0013049891579521   0.0009731732380495   0.0011969729157379
  -0.0004752657322871   0.0009731775694790  -0.0010847472686910  -0.0006942151074787

  -0.0001644969504814  -0.0000256605749614   0.0002674390716626   0.0000141298272478
   0.0000115571804995  -0.0001204414086649   0.0000751827720922   0.0000115050878591
  -0.0000730722391444   0.0000751843504736   0.0000025983072613  -0.0000739254239133


$redundant_coords
 4 7
   1.9256309298289873   1.9256309296316061   1.9256309314708246   1.8500140966063299
   1.8500140966700289   1.8500140973510697  -1.0951155782190036
   1.8909543032458251   1.8909542969174877   1.8909542914978077   1.8647658610846745
   1.8651892960931911   1.8647658829259728  -1.0628700624843817
   1.8899319391854164   1.8899081779765683   1.8899081828000315   1.8812667689470841
   1.8819460046314467   1.8812667791823106  -1.0254839143361243
   1.8899963445289274   1.8899594223873579   1.8899594173391576   1.8971087276856962
   1.8976101858697840   1.8971087295562818  -0.9882426808277402

$redundant_gradients
 4 7
   0.0145767370655071   0.0145767398360046   0.0145767428354864  -0.0013812935161197
  -0.0034115700828589  -0.0013812998817599  -0.0036478435817721
  -0.0013911270542336  -0.0013815127838162  -0.0013815173025280  -0.0013044116716654
  -0.0031854676024870  -0.0013044075214072  -0.0035936208600608
  -0.0009493881355623  -0.0009466692466238  -0.0009466673355996  -0.0006452053130738
  -0.0015067454016028  -0.0006452036640789  -0.0018470795013124
   0.0000157252694439   0.0000073945376853   0.0000073913282819  -0.0000666507076090
  -0.0000654623174048  -0.0000666504543146  -0.0001598357694723

$hessian_approx
 12 12
                  0          1          2          3          4          5    
      0       0.662538  -0.014477   0.150877  -0.409841  -0.007919   0.082522
      1      -0.014477   0.711889   0.040649  -0.001100  -0.141233  -0.013236
      2       0.150877   0.040649   0.292183   0.011460  -0.013235  -0.004568
      3      -0.409841  -0.001100   0.011460   0.447788   0.000697  -0.007256
      4      -0.007919  -0.141233  -0.013235   0.000697   0.110980   0.007661
      5       0.082522  -0.013236  -0.004568  -0.007256   0.007661   0.031884
      6      -0.126348  -0.012800  -0.083144  -0.018974  -0.060029  -0.043740
      7      -0.029483  -0.254541  -0.143393  -0.027803   0.013328   0.007533
      8      -0.120603  -0.201910  -0.174595  -0.004789   0.016613  -0.011860
      9      -0.126348   0.028378  -0.079193  -0.018973   0.067251  -0.031527
     10       0.051879  -0.316115   0.115980   0.028207   0.016925  -0.001958
     11      -0.112796   0.174496  -0.113020   0.000585  -0.011038  -0.015457
                  6          7          8          9         10         11    
      0      -0.126348  -0.029483  -0.120603  -0.126348   0.051879  -0.112796
      1      -0.012800  -0.254541  -0.201910   0.028378  -0.316115   0.174496
      2      -0.083144  -0.143393  -0.174595  -0.079193   0.115980  -0.113020
      3      -0.018974  -0.027803  -0.004789  -0.018973   0.028207   0.000585
      4      -0.060029   0.013328   0.016613   0.067251   0.016925  -0.011038
      5      -0.043740   0.007533  -0.011860  -0.031527  -0.001958  -0.015457
      6       0.128821   0.068353   0.091791   0.016501   0.004476   0.035093
      7       0.068353   0.294904   0.167670  -0.011067  -0.053692  -0.031811
      8       0.091791   0.167670   0.166922   0.033603   0.017628   0.019532
      9       0.016501  -0.011067   0.033603   0.128822  -0.084561   0.077117
     10       0.004476  -0.053692   0.017628  -0.084561   0.352881  -0.131650
     11       0.035093  -0.031811   0.019532   0.077117  -0.131650   0.108945

$bmatrix
 7 12
                  0          1          2          3          4          5    
      0      -0.999913  -0.001262   0.013136   0.999913   0.001262  -0.013136
      1       0.326944   0.762938   0.557704   0.000000   0.000000   0.000000
      2       0.326947  -0.855070   0.402444   0.000000   0.000000   0.000000
      3       0.496410   0.631660  -0.306546   0.003587  -0.477849   0.227148
      4      -0.482594   0.067997  -0.708624   0.000000   0.000000   0.000000
      5       0.496412  -0.561838  -0.421071   0.003586   0.425934   0.313873
      6       0.744682   0.099209  -1.033872   0.006982  -0.050535   0.526636
                  6          7          8          9         10         11    
      0       0.000000   0.000000   0.000000   0.000000   0.000000   0.000000
      1      -0.326944  -0.762938  -0.557704   0.000000   0.000000   0.000000
      2       0.000000   0.000000   0.000000  -0.326947   0.855070  -0.402444
      3       0.000000   0.000000   0.000000  -0.499998  -0.153811   0.079398
      4       0.241298  -0.340878   0.324864   0.241296   0.272881   0.383759
      5      -0.499998   0.135904   0.107198   0.000000   0.000000   0.000000
      6      -0.375832  -0.024337   0.253618  -0.375832  -0.024337   0.253618

