
$orca_hessian_file

$act_atom
  2

$act_coord
  2

$act_energy
     -546.309092

$hessian
9
                    0                  1                  2                  3                  4        
    0      7.8604773932E-01  -1.0993108025E-01  -2.1305699419E-01  -6.3571705929E-01   4.3568620502E-03
    1     -1.0993108025E-01   1.3032422113E-01   2.5171463112E-01   2.7165630831E-02  -1.3897253131E-02
    2     -2.1305699419E-01   2.5171463112E-01   4.8513425085E-01   5.2195074106E-02  -2.6618599949E-02
    3     -6.3571705929E-01   2.7165630831E-02   5.2195074106E-02   6.4068685649E-01  -2.6511838325E-02
    4      4.3568620502E-03  -1.3897253131E-02  -2.6618599949E-02  -2.6511838325E-02   1.1539996675E-02
    5      8.4631260818E-03  -2.6638146430E-02  -5.1373874047E-02  -5.1216757397E-02   2.1822228987E-02
    6     -1.5039833635E-01   8.2748278551E-02   1.6082934322E-01  -4.8934490569E-03   2.2152777770E-02
    7      1.0553543879E-01  -1.1690336132E-01  -2.2540132674E-01  -4.4331079505E-04   2.5197895948E-03
    8      2.0465147076E-01  -2.2507368778E-01  -4.3383685963E-01  -1.0161662619E-03   4.7809005002E-03
                    5                  6                  7                  8        
     0      8.4631260818E-03  -1.5039833635E-01   1.0553543879E-01   2.0465147076E-01
     1     -2.6638146430E-02   8.2748278551E-02  -1.1690336132E-01  -2.2507368778E-01
     2     -5.1373874047E-02   1.6082934322E-01  -2.2540132674E-01  -4.3383685963E-01
     3     -5.1216757397E-02  -4.8934490569E-03  -4.4331079505E-04  -1.0161662619E-03
     4      2.1822228987E-02   2.2152777770E-02   2.5197895948E-03   4.7809005002E-03
     5      4.2222926702E-02   4.2749118407E-02   4.7993823787E-03   9.2002752832E-03
     6      4.2749118407E-02   1.5528309388E-01  -1.0507275858E-01  -2.0359821471E-01
     7      4.7993823787E-03  -1.0507275858E-01   1.1469743209E-01   2.2061461783E-01
     8      9.2002752832E-03  -2.0359821471E-01   2.2061461783E-01   4.2466373932E-01

$vibrational_frequencies
9
    0        0.000000
    1        0.000000
    2        0.000000
    3        0.000000
    4        0.000000
    5        0.000000
    6      501.663083
    7     1159.974392
    8     1360.735167

$normal_modes
9 9
                    0                  1                  2                  3                  4        
    0      0.0000000000E+00   0.0000000000E+00   0.0000000000E+00   0.0000000000E+00   0.0000000000E+00
    1      0.0000000000E+00   0.0000000000E+00   0.0000000000E+00   0.0000000000E+00   0.0000000000E+00
    2      0.0000000000E+00   0.0000000000E+00   0.0000000000E+00   0.0000000000E+00   0.0000000000E+00
    3      0.0000000000E+00   0.0000000000E+00   0.0000000000E+00   0.0000000000E+00   0.0000000000E+00
    4      0.0000000000E+00   0.0000000000E+00   0.0000000000E+00   0.0000000000E+00   0.0000000000E+00
    5      0.0000000000E+00   0.0000000000E+00   0.0000000000E+00   0.0000000000E+00   0.0000000000E+00
    6      0.0000000000E+00   0.0000000000E+00   0.0000000000E+00   0.0000000000E+00   0.0000000000E+00
    7      0.0000000000E+00   0.0000000000E+00   0.0000000000E+00   0.0000000000E+00   0.0000000000E+00
    8      0.0000000000E+00   0.0000000000E+00   0.0000000000E+00   0.0000000000E+00   0.0000000000E+00
                    5                  6                  7                  8        
     0      0.0000000000E+00   2.3171140315E-01  -2.0341321045E-01  -4.2414240567E-01
     1      0.0000000000E+00   1.5086155203E-01  -1.3262641014E-01   1.3790919777E-01
     2      0.0000000000E+00   2.9097365142E-01  -2.5580269004E-01   2.6599184683E-01
     3      0.0000000000E+00   1.8234302551E-01   6.6045164513E-01   6.0263831675E-01
     4      0.0000000000E+00  -2.8604888594E-01  -1.5832502810E-02  -2.2751654806E-02
     5      0.0000000000E+00  -5.5171571356E-01  -3.0536880283E-02  -4.3882168688E-02
     6      0.0000000000E+00  -6.4666376962E-01  -2.5283694878E-01   2.4729014913E-01
     7      0.0000000000E+00  -1.6258843168E-02   2.8159928255E-01  -2.5360117227E-01
     8      0.0000000000E+00  -3.1359182647E-02   5.4313355775E-01  -4.8913230779E-01

#
# The atoms: label  mass x y z (in bohrs)
#
$atoms
3
 S     32.06000     -2.542121084983     1.073319259983     0.047401292460
 O     15.99900      0.173415429336     0.970666395640    -0.150590033792
 O     15.99900     -3.657548040624     2.217534605888     2.254302340039

$actual_temperature
  0.000000

$frequency_scale_factor
  1.000000

$dipole_derivatives
9
    1.4322362475E+00   -1.6934941497E-01   -3.2661963068E-01
   -1.6853358793E-01    6.1520236852E-01    2.9103762797E-01
   -3.2552148095E-01    2.9208254263E-01    1.0247883131E+00
   -9.0835625781E-01    1.2715521034E-01    2.4533258836E-01
   -2.1221137074E-02   -2.6106312889E-01   -6.8282224135E-02
   -3.9273673403E-02   -6.8638877610E-02   -3.5842053495E-01
   -5.2401742025E-01    4.2145005283E-02    8.1209306731E-02
    1.8886233100E-01   -3.4140685550E-01   -2.2642641158E-01
    3.6538529018E-01   -2.2516704803E-01   -6.6429924999E-01

#
# The IR spectrum
#  wavenumber T**2 TX TY  TY
#
$ir_spectrum
9
      0.00       0.0000       0.0000       0.0000       0.0000
      0.00       0.0000       0.0000       0.0000       0.0000
      0.00       0.0000       0.0000       0.0000       0.0000
      0.00       0.0000       0.0000       0.0000       0.0000
      0.00       0.0000       0.0000       0.0000       0.0000
      0.00       0.0000       0.0000       0.0000       0.0000
    501.66      24.9864       2.8836       1.8805       3.6242
   1159.97      26.1825      -2.9438      -1.9191      -3.7193
   1360.74     188.7444     -11.2093       3.6499       7.0551

$job_list
9
    0    1    1    1
    1    1    1    1
    2    1    1    1


$end

