
$orca_hessian_file

$act_atom
  0

$act_coord
  0

$act_energy
      -93.280197

$hessian
9
                    0                  1                  2                  3                  4        
    0      3.0832059464E-01  -1.7017030376E-02   2.7847666891E-01  -4.8823514674E-04   1.5573647607E-03
    1     -1.7017030376E-02  -3.6958298157E-02  -1.3364235859E-02   1.4775070017E-03   3.1071411997E-02
    2      2.7847666891E-01  -1.3364235859E-02   1.1667654571E+00  -3.2561039926E-01   1.5869505314E-02
    3     -4.8823514674E-04   1.4775070017E-03  -3.2561039926E-01   6.1613448524E-02  -5.0630109290E-03
    4      1.5573647607E-03   3.1071411997E-02   1.5869505314E-02  -5.0630109290E-03  -4.0997140798E-02
    5     -3.3979737501E-01   1.6553785337E-02  -1.1612912342E+00   3.0007830288E-01  -1.4778727343E-02
    6     -3.0764650816E-01   1.5491206809E-02   4.7032220503E-02  -6.1245323469E-02   3.5457617551E-03
    7      1.5569361990E-02   5.4413524415E-03  -2.2757557420E-03   3.5292173275E-03   1.0290047048E-02
    8      6.1736729841E-02  -3.0373525698E-03  -5.3823787531E-03   2.5168883933E-02  -1.2361905292E-03
                    5                  6                  7                  8        
     0     -3.3979737501E-01  -3.0764650816E-01   1.5569361990E-02   6.1736729841E-02
     1      1.6553785337E-02   1.5491206809E-02   5.4413524415E-03  -3.0373525698E-03
     2     -1.1612912342E+00   4.7032220503E-02  -2.2757557420E-03  -5.3823787531E-03
     3      3.0007830288E-01  -6.1245323469E-02   3.5292173275E-03   2.5168883933E-02
     4     -1.4778727343E-02   3.5457617551E-03   1.0290047048E-02  -1.2361905292E-03
     5      1.1719173808E+00   3.9869583148E-02  -2.0030080883E-03  -1.0606071456E-02
     6      3.9869583148E-02   3.6882306109E-01  -1.9087498126E-02  -8.6953862722E-02
     7     -2.0030080883E-03  -1.9087498126E-02  -1.5654290316E-02   4.2791019884E-03
     8     -1.0606071456E-02  -8.6953862722E-02   4.2791019884E-03   1.5879902827E-02

$vibrational_frequencies
9
    0        0.000000
    1        0.000000
    2        0.000000
    3        0.000000
    4        0.000000
    5        0.000000
    6     -224.636273
    7     2255.736692
    8     3279.142432

$normal_modes
9 9
                    0                  1                  2                  3                  4        
    0      0.0000000000E+00   0.0000000000E+00   0.0000000000E+00   0.0000000000E+00   0.0000000000E+00
    1      0.0000000000E+00   0.0000000000E+00   0.0000000000E+00   0.0000000000E+00   0.0000000000E+00
    2      0.0000000000E+00   0.0000000000E+00   0.0000000000E+00   0.0000000000E+00   0.0000000000E+00
    3      0.0000000000E+00   0.0000000000E+00   0.0000000000E+00   0.0000000000E+00   0.0000000000E+00
    4      0.0000000000E+00   0.0000000000E+00   0.0000000000E+00   0.0000000000E+00   0.0000000000E+00
    5      0.0000000000E+00   0.0000000000E+00   0.0000000000E+00   0.0000000000E+00   0.0000000000E+00
    6      0.0000000000E+00   0.0000000000E+00   0.0000000000E+00   0.0000000000E+00   0.0000000000E+00
    7      0.0000000000E+00   0.0000000000E+00   0.0000000000E+00   0.0000000000E+00   0.0000000000E+00
    8      0.0000000000E+00   0.0000000000E+00   0.0000000000E+00   0.0000000000E+00   0.0000000000E+00
                    5                  6                  7                  8        
     0      0.0000000000E+00  -6.7365769183E-02   1.5249833384E-01   5.7961606903E-02
     1      0.0000000000E+00   3.3379938170E-03  -7.5411244254E-03  -2.8726266367E-03
     2      0.0000000000E+00  -2.2298397952E-02   6.2108735376E-01  -3.7632873876E-03
     3      0.0000000000E+00   6.2624002950E-02  -1.9285377417E-01   1.3940785267E-02
     4      0.0000000000E+00  -3.1050801065E-03   9.5384318107E-03  -6.9127642963E-04
     5      0.0000000000E+00  -5.5869515152E-02  -7.2133660499E-01  -1.4379003174E-02
     6      0.0000000000E+00   1.8989625944E-01   1.7889138836E-01  -9.7153869020E-01
     7      0.0000000000E+00  -9.3850815831E-03  -8.8666415197E-03   4.8154565968E-02
     8      0.0000000000E+00   9.7557778434E-01  -3.5314088899E-02   2.2362953726E-01

#
# The atoms: label  mass x y z (in bohrs)
#
$atoms
3
 N     14.00700     -1.911061141973     1.815945556475     0.000001889726
 C     12.01100     -2.468144847349     1.843497763507    -2.114369217817
 H      1.00800     -3.908463871005     1.914935080548     0.000005669178

$actual_temperature
  0.000000

$frequency_scale_factor
  1.000000

$dipole_derivatives
9
   -4.4874382013E-02   -3.7783280073E-03   -1.8892169905E-02
   -1.4205656382E-03   -1.2216975388E-01    2.1476009444E-03
    1.3153798558E-01   -6.5273824275E-03   -7.1130753591E-01
   -2.7335166381E-01    6.7060705894E-03    1.5695672035E-01
    7.1783886987E-03   -1.4275426692E-01   -6.5071046395E-03
    1.9800878379E-02   -9.7488000743E-04    4.4915005491E-01
    3.1948592928E-01   -2.9733445970E-03   -1.3744904698E-01
   -4.4461461963E-03    2.5781762082E-01    6.1164549320E-03
   -1.5216646474E-01    7.5445554639E-03    2.6227990679E-01

#
# The IR spectrum
#  wavenumber eps Int TX TY TZ
#
$ir_spectrum
9
      0.00   0.00000000   0.00000000     0.000000     0.000000     0.000000
      0.00   0.00000000   0.00000000     0.000000     0.000000     0.000000
      0.00   0.00000000   0.00000000     0.000000     0.000000     0.000000
      0.00   0.00000000   0.00000000     0.000000     0.000000     0.000000
      0.00   0.00000000   0.00000000     0.000000     0.000000     0.000000
      0.00   0.00000000   0.00000000     0.000000     0.000000     0.000000
   -224.64   0.00000000   0.00000000     0.000000     0.000000     0.000000
   2255.74   0.01122021  56.70236755     0.008142    -0.000405    -0.038546
   3279.14   0.02923746 147.75414382    -0.046381     0.002288     0.025020


$end

