
$orca_hessian_file

$act_atom
  0

$act_coord
  0

$act_energy
      -75.759896

$hessian
9
                    0                  1                  2                  3                  4        
    0      6.0919945039E-01  -1.2308054970E-08  -3.5705172592E-09  -6.2388000157E-01   2.0373330391E-08
    1     -1.2308054970E-08  -3.6886707564E-02  -2.4732271439E-09   5.0008344605E-09   7.3837059677E-02
    2     -3.5705172592E-09  -2.4732271439E-09  -3.6886702193E-02   8.0332979950E-09   5.1221549718E-09
    3     -6.2388000157E-01   5.0008344605E-09   8.0332979950E-09   1.2477387513E+00   5.2678091270E-09
    4      2.0373330391E-08   7.3837059677E-02   5.1221549718E-09   5.2678091270E-09  -1.4767482244E-01
    5     -7.5204052554E-10   4.6933860927E-09   7.3837055117E-02  -1.5147634314E-08  -9.4135862936E-09
    6      1.4691166826E-02   6.7973899271E-09  -1.1577077597E-08  -6.2387999595E-01  -2.2741575246E-08
    7      5.0886888759E-09  -3.6950000211E-02  -2.8958484306E-09  -2.2514693439E-08   7.3837060671E-02
    8     -4.1453743416E-09  -5.3825276289E-10  -3.6950001419E-02   1.8456237683E-08   2.1238159584E-09
                    5                  6                  7                  8        
     0     -7.5204052554E-10   1.4691166826E-02   5.0886888759E-09  -4.1453743416E-09
     1      4.6933860927E-09   6.7973899271E-09  -3.6950000211E-02  -5.3825276289E-10
     2      7.3837055117E-02  -1.1577077597E-08  -2.8958484306E-09  -3.6950001419E-02
     3     -1.5147634314E-08  -6.2387999595E-01  -2.2514693439E-08   1.8456237683E-08
     4     -9.4135862936E-09  -2.2741575246E-08   7.3837060671E-02   2.1238159584E-09
     5     -1.4767481826E-01   1.8353452175E-08   4.2187628924E-09   7.3837060718E-02
     6      1.8353452175E-08   6.0919945963E-01   1.5037139351E-08  -9.6522458057E-09
     7      4.2187628924E-09   1.5037139351E-08  -3.6886710271E-02  -8.3724482062E-10
     8      7.3837060718E-02  -9.6522458057E-09  -8.3724482062E-10  -3.6886708382E-02

$vibrational_frequencies
9
    0        0.000000
    1        0.000000
    2        0.000000
    3        0.000000
    4        0.000000
    5    -1476.295281
    6    -1476.295207
    7     3947.708436
    8     4291.313355

$normal_modes
9 9
                    0                  1                  2                  3                  4        
    0      0.0000000000E+00   0.0000000000E+00   0.0000000000E+00   0.0000000000E+00   0.0000000000E+00
    1      0.0000000000E+00   0.0000000000E+00   0.0000000000E+00   0.0000000000E+00   0.0000000000E+00
    2      0.0000000000E+00   0.0000000000E+00   0.0000000000E+00   0.0000000000E+00   0.0000000000E+00
    3      0.0000000000E+00   0.0000000000E+00   0.0000000000E+00   0.0000000000E+00   0.0000000000E+00
    4      0.0000000000E+00   0.0000000000E+00   0.0000000000E+00   0.0000000000E+00   0.0000000000E+00
    5      0.0000000000E+00   0.0000000000E+00   0.0000000000E+00   0.0000000000E+00   0.0000000000E+00
    6      0.0000000000E+00   0.0000000000E+00   0.0000000000E+00   0.0000000000E+00   0.0000000000E+00
    7      0.0000000000E+00   0.0000000000E+00   0.0000000000E+00   0.0000000000E+00   0.0000000000E+00
    8      0.0000000000E+00   0.0000000000E+00   0.0000000000E+00   0.0000000000E+00   0.0000000000E+00
                    5                  6                  7                  8        
     0      1.2236552303E-08   1.9382134067E-09  -7.0710680599E-01  -7.0431649861E-01
     1      5.7234681680E-01   4.1046423808E-01   1.5979401746E-08  -4.6780766729E-09
     2      4.1046423808E-01  -5.7234681680E-01  -7.3769291092E-09   1.1620597695E-08
     3     -3.1432430493E-10   1.9190790920E-09   3.1257265099E-09   8.8749429170E-02
     4     -7.2120206427E-02  -5.1721726605E-02  -2.0135304537E-09   8.6297971536E-10
     5     -5.1721726605E-02   7.2120206427E-02   9.2955115961E-10  -1.7426791278E-09
     6     -7.2475893051E-09  -3.2397882370E-08   7.0710675638E-01  -7.0431655426E-01
     7      5.7234681676E-01   4.1046423806E-01   1.5979401496E-08  -9.0191580535E-09
     8      4.1046423806E-01  -5.7234681676E-01  -7.3769289982E-09   1.6039247035E-08

#
# The atoms: label  mass x y z (in bohrs)
#
$atoms
3
 H      1.00800      0.095058882023     0.000000001844    -0.000000001877
 O     15.99900      1.889726133879    -0.000000003687     0.000000003753
 H      1.00800      3.684393385862     0.000000001844    -0.000000001877

$actual_temperature
  0.000000

$frequency_scale_factor
  1.000000

$dipole_derivatives
9
    6.1001542607E-01   -5.5832881100E-11    6.0712558780E-11
    1.3815273925E-08    5.2178518689E-01    4.1610074277E-11
    2.4518497649E-08    2.1740455868E-12    5.2178518738E-01
   -1.2201830392E+00    7.2353649977E-12    4.1682682057E-13
    1.3783627018E-10   -1.0437138603E+00   -1.4997323044E-11
   -2.0055727912E-09   -1.4889764937E-11   -1.0437138582E+00
    6.1001532032E-01    5.6851779530E-11   -5.0917595451E-11
   -2.9937783502E-08    5.2178518724E-01    3.3937637120E-11
    9.7708098556E-09   -5.4446356129E-11    5.2178518425E-01

#
# The IR spectrum
#  wavenumber eps Int TX TY TZ
#
$ir_spectrum
9
      0.00   0.00000000   0.00000000     0.000000     0.000000     0.000000
      0.00   0.00000000   0.00000000     0.000000     0.000000     0.000000
      0.00   0.00000000   0.00000000     0.000000     0.000000     0.000000
      0.00   0.00000000   0.00000000     0.000000     0.000000     0.000000
      0.00   0.00000000   0.00000000     0.000000     0.000000     0.000000
  -1476.30   0.00000000   0.00000000     0.000000     0.000000     0.000000
  -1476.30   0.00000000   0.00000000     0.000000     0.000000     0.000000
   3947.71   0.00000000   0.00000000    -0.000000     0.000000    -0.000000
   4291.31   0.16038207 810.50523132    -0.107995    -0.000000     0.000000

$polarizability_derivatives
9
   -6.7203996668E+00    1.1974069527E-01    1.1974069572E-01    7.9055507286E-09   -8.7003387767E-09   -8.3247319628E-11
    7.5079276129E-07   -6.2202776263E-08   -6.9106409484E-08   -1.3066196840E+00   -3.5499913239E-10   -3.2858732227E-09
   -4.0054750627E-07    7.3630435082E-09    2.9274360713E-10   -4.9483920366E-10   -1.3066196730E+00    2.8557217120E-09
   -4.7996904229E-07   -4.0261944889E-07   -4.0301291193E-07   -1.3456722120E-08    1.2945344315E-08   -6.1545107660E-11
    1.6542011316E-06    7.1862036322E-07    7.3315433724E-07    2.4579725530E-08   -3.5358963285E-09    6.7538717731E-09
    2.0025239245E-06    6.1026068643E-07    6.2461711359E-07   -1.2294610859E-09    1.9022857823E-08   -5.9748022822E-09
    6.7204002882E+00   -1.1974035354E-01   -1.1974035287E-01    6.3011696568E-09   -9.9205728945E-09   -1.8568755474E-10
    5.8797144931E-08    1.9873080959E-07    1.9159305253E-07    1.3066196926E+00    7.6363611840E-11   -3.4087197116E-09
    4.5670391913E-07   -5.1464299489E-08   -5.8983395945E-08    7.9960009913E-11    1.3066196656E+00    2.8554786995E-09

#
# The Raman spectrum
#  wavenumber Activity Depolarization
#
$raman_spectrum
9
      0.00       0.0000       0.0000
      0.00       0.0000       0.0000
      0.00       0.0000       0.0000
      0.00       0.0000       0.0000
      0.00       0.0000       0.0000
  -1476.30       0.0000       0.0000
  -1476.30       0.0000       0.0000
   3947.71      83.6319       0.3534
   4291.31       0.0000       0.0000


$end

