
$orca_hessian_file

$act_atom
  2

$act_coord
  2

$act_energy
     -546.174170

$hessian
9
                    0                  1                  2                  3                  4        
    0      8.9414139029E-02   6.2523621467E-02   1.2108984540E-01  -6.5176716489E-02  -2.2357730012E-02
    1      6.2523621467E-02   4.2720585350E-02   8.3771542123E-02  -4.8709784018E-02  -1.4159922956E-02
    2      1.2108984540E-01   8.3771542123E-02   1.6094621186E-01  -9.3648137326E-02  -2.8376913327E-02
    3     -6.5176716489E-02  -4.8709784018E-02  -9.3648137326E-02   1.1216574047E-01  -4.4846050831E-03
    4     -2.2357730012E-02  -1.4159922956E-02  -2.8376913327E-02  -4.4846050831E-03   1.1714786844E-02
    5     -4.3208615382E-02  -2.8515022827E-02  -5.4547557022E-02  -8.8286339363E-03   2.3905589428E-02
    6     -2.4259069487E-02  -1.3792589513E-02  -2.7400937696E-02  -4.6966214923E-02   2.6842158139E-02
    7     -3.9958518903E-02  -2.8674744482E-02  -5.5649951188E-02   5.2990684102E-02   2.4442795411E-03
    8     -7.8144540172E-02  -5.5322329446E-02  -1.0652565656E-01   1.0258628030E-01   4.5631343326E-03
                    5                  6                  7                  8        
     0     -4.3208615382E-02  -2.4259069487E-02  -3.9958518903E-02  -7.8144540172E-02
     1     -2.8515022827E-02  -1.3792589513E-02  -2.8674744482E-02  -5.5322329446E-02
     2     -5.4547557022E-02  -2.7400937696E-02  -5.5649951188E-02  -1.0652565656E-01
     3     -8.8286339363E-03  -4.6966214923E-02   5.2990684102E-02   1.0258628030E-01
     4      2.3905589428E-02   2.6842158139E-02   2.4442795411E-03   4.5631343326E-03
     5      4.5832467797E-02   5.2037051581E-02   4.6341412491E-03   8.8957512307E-03
     6      5.2037051581E-02   7.1224120639E-02  -1.3053236106E-02  -2.4482312771E-02
     7      4.6341412491E-03  -1.3053236106E-02   2.6345403088E-02   5.0989809817E-02
     8      8.8957512307E-03  -2.4482312771E-02   5.0989809817E-02   9.7576244828E-02

$vibrational_frequencies
9
    0        0.000000
    1        0.000000
    2        0.000000
    3        0.000000
    4        0.000000
    5        0.000000
    6      -54.268969
    7      526.906023
    8      756.021374

$normal_modes
9 9
                    0                  1                  2                  3                  4        
    0      0.0000000000E+00   0.0000000000E+00   0.0000000000E+00   0.0000000000E+00   0.0000000000E+00
    1      0.0000000000E+00   0.0000000000E+00   0.0000000000E+00   0.0000000000E+00   0.0000000000E+00
    2      0.0000000000E+00   0.0000000000E+00   0.0000000000E+00   0.0000000000E+00   0.0000000000E+00
    3      0.0000000000E+00   0.0000000000E+00   0.0000000000E+00   0.0000000000E+00   0.0000000000E+00
    4      0.0000000000E+00   0.0000000000E+00   0.0000000000E+00   0.0000000000E+00   0.0000000000E+00
    5      0.0000000000E+00   0.0000000000E+00   0.0000000000E+00   0.0000000000E+00   0.0000000000E+00
    6      0.0000000000E+00   0.0000000000E+00   0.0000000000E+00   0.0000000000E+00   0.0000000000E+00
    7      0.0000000000E+00   0.0000000000E+00   0.0000000000E+00   0.0000000000E+00   0.0000000000E+00
    8      0.0000000000E+00   0.0000000000E+00   0.0000000000E+00   0.0000000000E+00   0.0000000000E+00
                    5                  6                  7                  8        
     0      0.0000000000E+00   3.3910967306E-01   1.6629425225E-01  -2.5291901202E-01
     1      0.0000000000E+00  -1.0023013880E-01   1.0260470983E-01  -1.7950511714E-01
     2      0.0000000000E+00  -1.9331850347E-01   1.9789844842E-01  -3.4621981996E-01
     3      0.0000000000E+00  -6.5509616610E-01   3.3644934871E-01   5.7842939605E-01
     4      0.0000000000E+00  -8.1558059074E-02  -2.6914825360E-01   5.8564498023E-02
     5      0.0000000000E+00  -1.5730479988E-01  -5.1911868247E-01   1.1295605543E-01
     6      0.0000000000E+00  -2.4437312144E-02  -6.6968228372E-01  -7.1611249585E-02
     7      0.0000000000E+00   2.8240675274E-01   6.3541215836E-02   3.0114136205E-01
     8      0.0000000000E+00   5.4469096285E-01   1.2255488121E-01   5.8082527014E-01

#
# The atoms: label  mass x y z (in bohrs)
#
$atoms
3
 S     32.06000     -2.967231468172     0.807738359392    -0.464836871300
 O     15.99900      0.077577330065     1.206109283692     0.303519551565
 O     15.99900     -3.136599558164     2.247672618426     2.312430918442

$actual_temperature
  0.000000

$frequency_scale_factor
  1.000000

$dipole_derivatives
9
    5.3743455439E-01    1.7601167046E-01    3.3813417163E-01
    1.6546176329E-01    3.2156126960E-01    2.3374754348E-01
    3.2461080683E-01    2.3459997429E-01    6.5076541449E-01
   -3.6818392741E-01   -1.4009216669E-01   -2.6925772729E-01
   -7.5335779962E-02   -1.4279999858E-01   -7.8273305996E-02
   -1.3266985542E-01   -7.3457908389E-02   -2.3642164808E-01
   -1.6995559624E-01   -3.6037916490E-02   -6.9118874481E-02
   -9.8221342444E-02   -1.6301571517E-01   -1.5152742810E-01
   -1.8155061192E-01   -1.5831864557E-01   -4.0337299022E-01

#
# The IR spectrum
#  wavenumber T**2 TX TY  TY
#
$ir_spectrum
9
      0.00       0.0000       0.0000       0.0000       0.0000
      0.00       0.0000       0.0000       0.0000       0.0000
      0.00       0.0000       0.0000       0.0000       0.0000
      0.00       0.0000       0.0000       0.0000       0.0000
      0.00       0.0000       0.0000       0.0000       0.0000
      0.00       0.0000       0.0000       0.0000       0.0000
    -54.27       0.0000       0.0000       0.0000       0.0000
    526.91       7.2769       1.6632       0.9963       1.8756
    756.02      62.1398      -4.4810      -2.9694      -5.7657

$job_list
9
    0    1    1    1
    1    1    1    1
    2    1    1    1


$end

