
$orca_hessian_file

$act_atom
  2

$act_coord
  2

$act_energy
     -342.381164

$hessian
9
                    0                  1                  2                  3                  4        
    0      1.8912961248E-01   4.9258705985E-03   9.4401727518E-03  -1.6918102788E-01  -1.9409546497E-02
    1      4.9258705985E-03   4.1803580654E-02   8.0790595316E-02  -9.8392966552E-03  -4.3613702301E-03
    2      9.4401727518E-03   8.0790595316E-02   1.5641086819E-01  -1.9115056746E-02  -1.0006832611E-02
    3     -1.6918102788E-01  -9.8392966552E-03  -1.9115056746E-02   1.7566839487E-01   1.0347588942E-02
    4     -1.9409546497E-02  -4.3613702301E-03  -1.0006832611E-02   1.0347588942E-02   4.1605086339E-03
    5     -3.7545302042E-02  -1.0027721489E-02  -1.8576411063E-02   2.0093123287E-02   9.9328278300E-03
    6     -1.9926441321E-02   4.9542616724E-03   9.7492815856E-03  -6.5283779747E-03   9.0587307409E-03
    7      1.4437064067E-02  -3.7444967958E-02  -7.0787617341E-02  -4.6261715698E-04   2.3735372179E-04
    8      2.8030079914E-02  -7.0766428563E-02  -1.3783511062E-01  -9.0564430441E-04   7.1301229401E-05
                    5                  6                  7                  8        
     0     -3.7545302042E-02  -1.9926441321E-02   1.4437064067E-02   2.8030079914E-02
     1     -1.0027721489E-02   4.9542616724E-03  -3.7444967958E-02  -7.0766428563E-02
     2     -1.8576411063E-02   9.7492815856E-03  -7.0787617341E-02  -1.3783511062E-01
     3      2.0093123287E-02  -6.5283779747E-03  -4.6261715698E-04  -9.0564430441E-04
     4      9.9328278300E-03   9.0587307409E-03   2.3735372179E-04   7.1301229401E-05
     5      1.8132718524E-02   1.7446764534E-02   9.1835373976E-05   4.7424483642E-04
     6      1.7446764534E-02   2.6473687409E-02  -1.4012055712E-02  -2.7193418979E-02
     7      9.1835373976E-05  -1.4012055712E-02   3.7173879898E-02   7.0702040253E-02
     8      4.7424483642E-04  -2.7193418979E-02   7.0702040253E-02   1.3733096700E-01

$vibrational_frequencies
9
    0        0.000000
    1        0.000000
    2        0.000000
    3        0.000000
    4        0.000000
    5        0.000000
    6     1044.467555
    7     2198.649040
    8     2207.557623

$normal_modes
9 9
                    0                  1                  2                  3                  4        
    0      0.0000000000E+00   0.0000000000E+00   0.0000000000E+00   0.0000000000E+00   0.0000000000E+00
    1      0.0000000000E+00   0.0000000000E+00   0.0000000000E+00   0.0000000000E+00   0.0000000000E+00
    2      0.0000000000E+00   0.0000000000E+00   0.0000000000E+00   0.0000000000E+00   0.0000000000E+00
    3      0.0000000000E+00   0.0000000000E+00   0.0000000000E+00   0.0000000000E+00   0.0000000000E+00
    4      0.0000000000E+00   0.0000000000E+00   0.0000000000E+00   0.0000000000E+00   0.0000000000E+00
    5      0.0000000000E+00   0.0000000000E+00   0.0000000000E+00   0.0000000000E+00   0.0000000000E+00
    6      0.0000000000E+00   0.0000000000E+00   0.0000000000E+00   0.0000000000E+00   0.0000000000E+00
    7      0.0000000000E+00   0.0000000000E+00   0.0000000000E+00   0.0000000000E+00   0.0000000000E+00
    8      0.0000000000E+00   0.0000000000E+00   0.0000000000E+00   0.0000000000E+00   0.0000000000E+00
                    5                  6                  7                  8        
     0      0.0000000000E+00  -1.9024955582E-02   2.7017773452E-02  -1.7502790468E-02
     1      0.0000000000E+00  -1.2348912633E-02   7.3291044107E-03   1.2613588524E-02
     2      0.0000000000E+00  -2.3817918825E-02   1.4135982584E-02   2.4328411455E-02
     3      0.0000000000E+00  -1.1098203437E-01  -9.1858979394E-01   3.6531765030E-01
     4      0.0000000000E+00   3.2111013304E-01  -5.8437882375E-02   3.1973725725E-02
     5      0.0000000000E+00   6.1933996212E-01  -1.1271184598E-01   6.1669203311E-02
     6      0.0000000000E+00   6.9558419131E-01   8.8382933901E-02   1.7251115124E-01
     7      0.0000000000E+00   5.8349410514E-02  -1.6677211764E-01  -4.1956627627E-01
     8      0.0000000000E+00   1.1254120621E-01  -3.2166109505E-01  -8.0923687831E-01

#
# The atoms: label  mass x y z (in bohrs)
#
$atoms
3
 P     30.97400     -2.748577416378     0.939698009236    -0.210320192668
 H      1.00800     -0.048214080469     1.143369070221     0.182509600660
 H      1.00800     -3.229462199423     2.178453182053     2.178924190715

$actual_temperature
  0.000000

$frequency_scale_factor
  1.000000

$dipole_derivatives
9
    5.5376935423E-01    3.3261231649E-02    5.5614988765E-02
    2.5943850071E-02    7.9023111615E-02    2.4351893892E-01
    4.7761515203E-02    2.4130759100E-01    4.5151102945E-01
   -4.8676373259E-01   -2.9309707812E-02   -5.8785574972E-02
   -6.6420483249E-02    3.3287295206E-02   -4.2494671413E-02
   -1.2843170083E-01   -4.3389577619E-02   -3.3593718369E-02
   -5.8408869520E-02   -3.5717872824E-03    2.4493532179E-03
    4.2086773171E-02   -1.0911372491E-01   -2.0122091166E-01
    8.4144848811E-02   -1.9873447614E-01   -4.1454550612E-01

#
# The IR spectrum
#  wavenumber T**2 TX TY  TY
#
$ir_spectrum
9
      0.00       0.0000       0.0000       0.0000       0.0000
      0.00       0.0000       0.0000       0.0000       0.0000
      0.00       0.0000       0.0000       0.0000       0.0000
      0.00       0.0000       0.0000       0.0000       0.0000
      0.00       0.0000       0.0000       0.0000       0.0000
      0.00       0.0000       0.0000       0.0000       0.0000
   1044.47      18.9323      -2.6798      -1.5766      -3.0439
   2198.65     249.2150      13.5514       3.5732       7.2668
   2207.56     273.8510      -8.9384       6.1229      12.5086

$job_list
9
    0    1    1    1
    1    1    1    1
    2    1    1    1


$end

