
$orca_opt_file

$trust
    0.300000000000

$epredict
    0.000000000000

$ediffsc
  1000.000000000000

$ctyp
  3

$coordinates
 5 6
  -2.63894654   1.01028892  -0.07416823   0.32609232   0.96824601  -0.15525835

  -2.59850883   1.00971554  -0.07527415   0.28565461   0.96881940  -0.15415243

  -2.55182928   1.00905364  -0.07655078   0.23897507   0.96948129  -0.15287580

  -2.56260410   1.00920642  -0.07625610   0.24974989   0.96932851  -0.15317048

  -2.56154756   1.00919144  -0.07628499   0.24869335   0.96934349  -0.15314158


# redundant internal coordinates
#  nbonds nangles ndihedrals nimpropers ncartesians
# bond  definitions A B
# angle definitions A B C
# dihedral definitions A B C D
# improper torsion definitions A B C D
# cartesian definitions A x/y/z
$redundant_internals
 1 0 0 0 0
   1   0   0
$energies
 5
 -341.5264777034064423
 -341.5275725617215699
 -341.5279258325527394
 -341.5279451061478539
 -341.5279460716855056

$gradients
 5 6
  -0.0169142062531251   0.0001719696318304   0.0003320722677928   0.0169142062775244
  -0.0001719696311226  -0.0003320722676853
  -0.0091025474123945   0.0000528869479375   0.0001021806072495   0.0091025474250751
  -0.0000528869562712  -0.0001021806070598
   0.0027261203569087  -0.0001228814460973  -0.0002369424696383  -0.0027261203413181
   0.0001228814414885   0.0002369424700996
  -0.0003025096157829  -0.0000782916552580  -0.0001509464756733   0.0003025096240271
   0.0000782916557902   0.0001509464762919
  -0.0000121589132804  -0.0000825761950270  -0.0001592102453396   0.0000121589362921
   0.0000825761857569   0.0001592102458118

$redundant_coords
 5 1
   2.9664454540609495
   2.8855316722026152
   2.7921282963732863
   2.8136881582200290
   2.8115740701907801

$redundant_gradients
 5 1
   0.0169177008163035
   0.0091017740128491
  -0.0027330462921125
   0.0002971303243026
   0.0000066306840274

$hessian_approx
 6 6
                  0          1          2          3          4          5    
      0       0.137271  -0.002026  -0.003907  -0.137271   0.002026   0.003907
      1      -0.002026   0.000030   0.000058   0.002026  -0.000030  -0.000058
      2      -0.003907   0.000058   0.000110   0.003907  -0.000058  -0.000110
      3      -0.137271   0.002026   0.003907   0.137271  -0.002026  -0.003907
      4       0.002026  -0.000030  -0.000058  -0.002026   0.000030   0.000058
      5       0.003907  -0.000058  -0.000110  -0.003907   0.000058   0.000110

$bmatrix
 1 6
                  0          1          2          3          4          5    
      0      -0.999526   0.014173   0.027336   0.999526  -0.014173  -0.027336

