
$orca_hessian_file

$act_atom
  0

$act_coord
  0

$act_energy
      -93.289684

$hessian
9
                    0                  1                  2                  3                  4        
    0      2.4421252643E-01  -1.3077434666E-02  -6.7622354586E-02   7.6425521399E-02  -2.3381716636E-03
    1     -1.3077434666E-02  -2.0111215492E-02   3.3915395667E-03  -2.3533348169E-03   2.9938111807E-02
    2     -6.7622354586E-02   3.3915395667E-03   1.2365883914E+00   1.9599113002E-02  -1.0085167248E-03
    3      7.6425521399E-02  -2.3533348169E-03   1.9599113002E-02  -3.5969710773E-02  -8.0315434352E-05
    4     -2.3381716636E-03   2.9938111807E-02  -1.0085167248E-03  -8.0315434352E-05  -3.7305877379E-02
    5      1.6338761310E-02  -8.3921129458E-04  -1.2448285154E+00  -2.0986908553E-02   1.0879496134E-03
    6     -3.2045266670E-01   1.5387495423E-02   4.8045893420E-02  -4.0697979704E-02   2.4120982471E-03
    7      1.5449834106E-02  -9.8751362871E-03  -2.4875147830E-03   2.4004407334E-03   7.5389069865E-03
    8      5.1154515532E-02  -2.5347180604E-03   8.0968408801E-03   1.4342051112E-03  -7.8078897083E-05
                    5                  6                  7                  8        
     0      1.6338761310E-02  -3.2045266670E-01   1.5449834106E-02   5.1154515532E-02
     1     -8.3921129458E-04   1.5387495423E-02  -9.8751362871E-03  -2.5347180604E-03
     2     -1.2448285154E+00   4.8045893420E-02  -2.4875147830E-03   8.0968408801E-03
     3     -2.0986908553E-02  -4.0697979704E-02   2.4004407334E-03   1.4342051112E-03
     4      1.0879496134E-03   2.4120982471E-03   7.5389069865E-03  -7.8078897083E-05
     5      1.2561001089E+00   4.7561003603E-03  -1.5172692953E-04  -1.1030689449E-02
     6      4.7561003603E-03   3.6120728381E-01  -1.7799607978E-02  -5.2719583420E-02
     7     -1.5172692953E-04  -1.7799607978E-02   2.2147766189E-03   2.6198795288E-03
     8     -1.1030689449E-02  -5.2719583420E-02   2.6198795288E-03   2.8367312896E-03

$vibrational_frequencies
9
    0        0.000000
    1        0.000000
    2        0.000000
    3        0.000000
    4        0.000000
    5        0.000000
    6     -412.397968
    7     2256.042747
    8     3202.028281

$normal_modes
9 9
                    0                  1                  2                  3                  4        
    0      0.0000000000E+00   0.0000000000E+00   0.0000000000E+00   0.0000000000E+00   0.0000000000E+00
    1      0.0000000000E+00   0.0000000000E+00   0.0000000000E+00   0.0000000000E+00   0.0000000000E+00
    2      0.0000000000E+00   0.0000000000E+00   0.0000000000E+00   0.0000000000E+00   0.0000000000E+00
    3      0.0000000000E+00   0.0000000000E+00   0.0000000000E+00   0.0000000000E+00   0.0000000000E+00
    4      0.0000000000E+00   0.0000000000E+00   0.0000000000E+00   0.0000000000E+00   0.0000000000E+00
    5      0.0000000000E+00   0.0000000000E+00   0.0000000000E+00   0.0000000000E+00   0.0000000000E+00
    6      0.0000000000E+00   0.0000000000E+00   0.0000000000E+00   0.0000000000E+00   0.0000000000E+00
    7      0.0000000000E+00   0.0000000000E+00   0.0000000000E+00   0.0000000000E+00   0.0000000000E+00
    8      0.0000000000E+00   0.0000000000E+00   0.0000000000E+00   0.0000000000E+00   0.0000000000E+00
                    5                  6                  7                  8        
     0      0.0000000000E+00  -7.1839939390E-02  -4.3262543809E-05  -6.1803274850E-02
     1      0.0000000000E+00   3.5604209499E-03   7.4803670637E-07   3.0628878334E-03
     2      0.0000000000E+00  -4.4109679378E-02   6.3691569740E-01   1.2847685693E-02
     3      0.0000000000E+00   7.5870428552E-02   1.0699216941E-02  -1.0743160129E-02
     4      0.0000000000E+00  -3.7600026794E-03  -5.2859528604E-04   5.3242861418E-04
     5      0.0000000000E+00  -3.1521630678E-02  -7.5210977191E-01  -3.2112146088E-03
     6      0.0000000000E+00   9.4228485819E-02  -1.2688721848E-01   9.8682000708E-01
     7      0.0000000000E+00  -4.6720476821E-03   6.2881748318E-03  -4.8905624967E-02
     8      0.0000000000E+00   9.8854224714E-01   1.1142092949E-01  -1.4026551075E-01

#
# The atoms: label  mass x y z (in bohrs)
#
$atoms
3
 N     14.00700     -1.911061141973     1.815945556475     0.000001889726
 C     12.01100     -1.904787251209     1.815639420841    -2.186690926689
 H      1.00800     -3.908463871005     1.914935080548     0.000005669178

$actual_temperature
  0.000000

$frequency_scale_factor
  1.000000

$dipole_derivatives
9
   -7.8303699485E-02   -3.6865785289E-03    4.6408704334E-02
   -6.7724692188E-06   -1.5197045268E-01   -1.3942677300E-03
    2.8105802969E-01   -1.3927411105E-02   -9.2316992592E-01
   -2.8219740299E-01    6.6596288935E-03    4.7056815298E-02
    7.2407043655E-03   -1.5083397689E-01   -2.8194176962E-03
   -1.3268697491E-01    6.5773243381E-03    5.7006375110E-01
    3.6134329502E-01   -3.0497415669E-03   -9.4161974037E-02
   -6.0834172087E-03    2.9275626210E-01    3.7012058961E-03
   -1.5247381977E-01    7.5532635104E-03    3.5166406289E-01

#
# The IR spectrum
#  wavenumber eps Int TX TY TZ
#
$ir_spectrum
9
      0.00   0.00000000   0.00000000     0.000000     0.000000     0.000000
      0.00   0.00000000   0.00000000     0.000000     0.000000     0.000000
      0.00   0.00000000   0.00000000     0.000000     0.000000     0.000000
      0.00   0.00000000   0.00000000     0.000000     0.000000     0.000000
      0.00   0.00000000   0.00000000     0.000000     0.000000     0.000000
      0.00   0.00000000   0.00000000     0.000000     0.000000     0.000000
   -412.40   0.00000000   0.00000000     0.000000     0.000000     0.000000
   2256.04   0.01506697  76.14230690     0.009834    -0.000489    -0.044578
   3202.03   0.03236115 163.53997355     0.051931    -0.002526    -0.021229


$end

