
$orca_hessian_file

$act_atom
  2

$act_coord
  2

$act_energy
     -546.343209

$hessian
9
                    0                  1                  2                  3                  4        
    0      5.1722204751E-01  -4.5840100291E-02  -8.8790939027E-02  -4.2741181748E-01  -9.8034928769E-03
    1     -4.5840100291E-02   9.4328764795E-02   1.8201569668E-01   7.7281637413E-04  -1.1498161605E-02
    2     -8.8790939027E-02   1.8201569668E-01   3.5106070343E-01   1.3888049903E-03  -2.2040150440E-02
    3     -4.2741181748E-01   7.7281637413E-04   1.3888049903E-03   4.3061034568E-01  -6.9978872592E-03
    4     -9.8034928769E-03  -1.1498161605E-02  -2.2040150440E-02  -6.9978872592E-03   8.4826254724E-03
    5     -1.8966945964E-02  -2.2045230943E-02  -4.2529595751E-02  -1.3441791444E-02   1.6279542331E-02
    6     -8.9420544507E-02   4.4976992852E-02   8.7227985170E-02  -3.5453394958E-03   1.6824066900E-02
    7      5.5646849908E-02  -8.2830010697E-02  -1.5997685636E-01   6.2234648100E-03   3.0147201736E-03
    8      1.0775555147E-01  -1.5998026924E-01  -3.0858198714E-01   1.2049938619E-02   5.7624836369E-03
                    5                  6                  7                  8        
     0     -1.8966945964E-02  -8.9420544507E-02   5.5646849908E-02   1.0775555147E-01
     1     -2.2045230943E-02   4.4976992852E-02  -8.2830010697E-02  -1.5998026924E-01
     2     -4.2529595751E-02   8.7227985170E-02  -1.5997685636E-01  -3.0858198714E-01
     3     -1.3441791444E-02  -3.5453394958E-03   6.2234648100E-03   1.2049938619E-02
     4      1.6279542331E-02   1.6824066900E-02   3.0147201736E-03   5.7624836369E-03
     5      3.1435344394E-02   3.2452357592E-02   5.7653296848E-03   1.1115331930E-02
     6      3.2452357592E-02   9.2923009550E-02  -6.1802710393E-02  -1.1967496154E-01
     7      5.7653296848E-03  -6.1802710393E-02   7.9815513470E-02   1.5421945468E-01
     8      1.1115331930E-02  -1.1967496154E-01   1.5421945468E-01   2.9749645395E-01

$vibrational_frequencies
9
    0        0.000000
    1        0.000000
    2        0.000000
    3        0.000000
    4        0.000000
    5        0.000000
    6      440.840294
    7      989.712910
    8     1083.167519

$normal_modes
9 9
                    0                  1                  2                  3                  4        
    0      0.0000000000E+00   0.0000000000E+00   0.0000000000E+00   0.0000000000E+00   0.0000000000E+00
    1      0.0000000000E+00   0.0000000000E+00   0.0000000000E+00   0.0000000000E+00   0.0000000000E+00
    2      0.0000000000E+00   0.0000000000E+00   0.0000000000E+00   0.0000000000E+00   0.0000000000E+00
    3      0.0000000000E+00   0.0000000000E+00   0.0000000000E+00   0.0000000000E+00   0.0000000000E+00
    4      0.0000000000E+00   0.0000000000E+00   0.0000000000E+00   0.0000000000E+00   0.0000000000E+00
    5      0.0000000000E+00   0.0000000000E+00   0.0000000000E+00   0.0000000000E+00   0.0000000000E+00
    6      0.0000000000E+00   0.0000000000E+00   0.0000000000E+00   0.0000000000E+00   0.0000000000E+00
    7      0.0000000000E+00   0.0000000000E+00   0.0000000000E+00   0.0000000000E+00   0.0000000000E+00
    8      0.0000000000E+00   0.0000000000E+00   0.0000000000E+00   0.0000000000E+00   0.0000000000E+00
                    5                  6                  7                  8        
     0      0.0000000000E+00   2.0744084732E-01   2.2688047246E-01  -4.1656401055E-01
     1      0.0000000000E+00   1.3521513456E-01   1.4874480147E-01   1.3484461914E-01
     2      0.0000000000E+00   2.6079568255E-01   2.8689097674E-01   2.6008105231E-01
     3      0.0000000000E+00   2.4353924445E-01  -6.4756244665E-01   6.0979681901E-01
     4      0.0000000000E+00  -2.8230619574E-01  -1.1769248517E-02  -1.0794928631E-02
     5      0.0000000000E+00  -5.4449701391E-01  -2.2699893841E-02  -2.0820678020E-02
     6      0.0000000000E+00  -6.5922482262E-01   1.9292228495E-01   2.2494548852E-01
     7      0.0000000000E+00   1.1351935215E-02  -2.8629677655E-01  -2.5941686520E-01
     8      0.0000000000E+00   2.1895002375E-02  -5.5219383166E-01  -5.0034930367E-01

#
# The atoms: label  mass x y z (in bohrs)
#
$atoms
3
 S     32.06000     -2.609805554764     1.029249142515    -0.037598780959
 O     15.99900      0.253678074576     0.977590381549    -0.137235421994
 O     15.99900     -3.670126216083     2.254680737447     2.325947801660

$actual_temperature
  0.000000

$frequency_scale_factor
  1.000000

$dipole_derivatives
9
    1.6068817776E+00   -2.0917330028E-01   -4.0438069457E-01
   -2.1383785526E-01    5.6420920219E-01    3.7064588474E-01
   -4.1235392165E-01    3.7009036224E-01    1.0864324599E+00
   -1.1512035227E+00    1.1544662590E-01    2.2238676222E-01
   -1.3666851897E-02   -2.0951156928E-01   -4.3150773444E-02
   -2.5575082136E-02   -4.1175143249E-02   -2.6919197815E-01
   -4.5706884347E-01    9.6765098781E-02    1.8790115609E-01
    2.2736933542E-01   -3.5465996455E-01   -3.2763833714E-01
    4.3924454325E-01   -3.2668442240E-01   -8.1538573749E-01

#
# The IR spectrum
#  wavenumber T**2 TX TY  TY
#
$ir_spectrum
9
      0.00       0.0000       0.0000       0.0000       0.0000
      0.00       0.0000       0.0000       0.0000       0.0000
      0.00       0.0000       0.0000       0.0000       0.0000
      0.00       0.0000       0.0000       0.0000       0.0000
      0.00       0.0000       0.0000       0.0000       0.0000
      0.00       0.0000       0.0000       0.0000       0.0000
    440.84      10.1859       1.8199       1.2053       2.3283
    989.71      51.2586       4.1001       2.6994       5.2116
   1083.17     257.4818     -13.1301       4.2429       8.1903

$job_list
9
    0    1    1    1
    1    1    1    1
    2    1    1    1


$end

