
$orca_opt_file

$trust
    0.300000000000

$epredict
    0.000000000000

$ediffsc
  1000.000000000000

$ctyp
  3

$coordinates
 5 9
  -2.63894654   1.01028892  -0.07416823   0.32609232   0.96824601  -0.15525835
  -3.71339948   2.28298533   2.38054018
  -2.62394183   1.02005679  -0.05532849   0.29210104   0.97198363  -0.14804941
  -3.69441291   2.26947983   2.35449150
  -2.60677622   1.03122626  -0.03378542   0.24759701   0.97808925  -0.13627323
  -3.66707448   2.25220475   2.32117225
  -2.60983503   1.02923487  -0.03762630   0.25447882   0.97734282  -0.13771290
  -3.67089748   2.25494257   2.32645280
  -2.60974852   1.02928859  -0.03752269   0.25376700   0.97753297  -0.13734616
  -3.67027217   2.25469870   2.32598245

# redundant internal coordinates
#  nbonds nangles ndihedrals nimpropers ncartesians
# bond  definitions A B
# angle definitions A B C
# dihedral definitions A B C D
# improper torsion definitions A B C D
# cartesian definitions A x/y/z
$redundant_internals
 2 1 0 0 0
   1   0   0
   2   0   0
   1   0   2   0   0
$energies
 5
 -546.3391151430724904
 -546.3420550574843446
 -546.3431713648225241
 -546.3432082126732894
 -546.3432085725260094

$gradients
 5 9
  -0.0259378544834636  -0.0169268093348733  -0.0325317788055735   0.0380435567726587
   0.0002814989776760   0.0005125278913956  -0.0121057023019098   0.0166453103670358
   0.0320192509153779
  -0.0142024789520712  -0.0092815024687591  -0.0177870035469721   0.0213123903486608
  -0.0000057945162216  -0.0000412174335486  -0.0071099114154392   0.0092872969885470
   0.0178282209803851
   0.0028261620566932   0.0017951879764164   0.0035947722876534  -0.0040803664079877
  -0.0000572614901997  -0.0001400779486824   0.0012542043449318  -0.0017379264864925
  -0.0034546943382330
  -0.0002031400302343  -0.0001719399201921  -0.0002023109168388   0.0003633748386257
  -0.0000252670591997  -0.0000785108224373  -0.0001602348328840   0.0001972069833019
   0.0002808217399228
   0.0000031720701296  -0.0000389322556600   0.0000547533245420   0.0000059566258147
  -0.0000094594142770  -0.0000480608334057  -0.0000091286990821   0.0000483916615103
  -0.0000066924912651

$redundant_coords
 5 3
   2.9664454540609495   2.9664454541532375   1.9722220489974389
   2.9179126456344022   2.9179099888301101   1.9822313427265388
   2.8567068199996530   2.8567195255619096   1.9914761458890118
   2.8665316917982437   2.8665454616236734   1.9893104122724252
   2.8657223400100191   2.8657454343585544   1.9891268711408958

$redundant_gradients
 5 3
   0.0380135783500147   0.0380156593715160  -0.0052549323035803
   0.0213071937487254   0.0213018685329639  -0.0021653381035049
  -0.0040624422570994  -0.0040647125132918   0.0008371778377441
   0.0003746460921969   0.0003668791728573   0.0001289200541080
   0.0000162112639751   0.0000101370436372   0.0000704794118985

$hessian_approx
 9 9
                  0          1          2          3          4          5    
      0       0.869595  -0.138572  -0.267062  -0.676313  -0.017054  -0.032907
      1      -0.138572   0.140120   0.270390   0.075630  -0.018263  -0.035232
      2      -0.267062   0.270390   0.521778   0.145545  -0.035219  -0.067944
      3      -0.676313   0.075630   0.145545   0.610496  -0.005647  -0.010867
      4      -0.017054  -0.018263  -0.035219  -0.005647   0.012066   0.023272
      5      -0.032907  -0.035232  -0.067944  -0.010867   0.023272   0.044883
      6      -0.193283   0.062942   0.121518   0.065817   0.022700   0.043773
      7       0.155625  -0.121857  -0.235172  -0.069984   0.006196   0.011960
      8       0.299968  -0.235158  -0.453833  -0.134679   0.011947   0.023061
                   6          7          8    
      0      -0.193283   0.155625   0.299968
      1       0.062942  -0.121857  -0.235158
      2       0.121518  -0.235172  -0.453833
      3       0.065817  -0.069984  -0.134679
      4       0.022700   0.006196   0.011947
      5       0.043773   0.011960   0.023061
      6       0.127466  -0.085642  -0.165291
      7      -0.085642   0.115661   0.223211
      8      -0.165291   0.223211   0.430772

$bmatrix
 3 9
                  0          1          2          3          4          5    
      0      -0.999230   0.018060   0.034834   0.999230  -0.018060  -0.034834
      1       0.370069  -0.427606  -0.824744   0.000000   0.000000   0.000000
      2       0.337867   0.219932   0.424194  -0.013692  -0.160494  -0.309551
                   6          7          8    
      0       0.000000   0.000000   0.000000
      1      -0.370069   0.427606   0.824744
      2      -0.324175  -0.059439  -0.114643

