
$orca_hessian_file

$act_atom
  0

$act_coord
  0

$act_energy
      -93.253567

$hessian
9
                    0                  1                  2                  3                  4        
    0      5.8179924149E-01  -3.2389704382E-02   4.7626590463E-01  -2.1626898243E-01   1.1415113249E-02
    1     -3.2389704382E-02  -7.1539574717E-02  -2.3617460493E-02   1.1497885559E-02   1.9568715664E-02
    2      4.7626590463E-01  -2.3617460493E-02   8.7154406683E-01  -5.4337828137E-01   2.6748373790E-02
    3     -2.1626898243E-01   1.1497885559E-02  -5.4337828137E-01   3.0724261931E-01  -1.6713181011E-02
    4      1.1415113249E-02   1.9568715664E-02   2.6748373790E-02  -1.6713181011E-02  -3.6754606262E-02
    5     -5.5395599148E-01   2.7862184537E-02  -9.2404640496E-01   4.7524938743E-01  -2.3888604499E-02
    6     -3.6509329930E-01   2.0724285758E-02   6.7129225551E-02  -9.1367807852E-02   5.4561603172E-03
    7      2.0782870160E-02   5.2054381993E-02  -3.2812461940E-03   5.3698762169E-03   1.6886488402E-02
    8      7.7550571917E-02  -3.8811786472E-03   5.2491134675E-02   6.8101708063E-02  -3.3008960730E-03
                    5                  6                  7                  8        
     0     -5.5395599148E-01  -3.6509329930E-01   2.0782870160E-02   7.7550571917E-02
     1      2.7862184537E-02   2.0724285758E-02   5.2054381993E-02  -3.8811786472E-03
     2     -9.2404640496E-01   6.7129225551E-02  -3.2812461940E-03   5.2491134675E-02
     3      4.7524938743E-01  -9.1367807852E-02   5.3698762169E-03   6.8101708063E-02
     4     -2.3888604499E-02   5.4561603172E-03   1.6886488402E-02  -3.3008960730E-03
     5      1.0467847752E+00   7.8626322753E-02  -3.8462974931E-03  -1.2284600644E-01
     6      7.8626322753E-02   4.5641994466E-01  -2.6144819895E-02  -1.4558817476E-01
     7     -3.8462974931E-03  -2.6144819895E-02  -6.8728185307E-02   7.2090548059E-03
     8     -1.2284600644E-01  -1.4558817476E-01   7.2090548059E-03   7.0472255926E-02

$vibrational_frequencies
9
    0        0.000000
    1        0.000000
    2        0.000000
    3        0.000000
    4        0.000000
    5        0.000000
    6      948.957136
    7     2232.200050
    8     3744.299376

$normal_modes
9 9
                    0                  1                  2                  3                  4        
    0      0.0000000000E+00   0.0000000000E+00   0.0000000000E+00   0.0000000000E+00   0.0000000000E+00
    1      0.0000000000E+00   0.0000000000E+00   0.0000000000E+00   0.0000000000E+00   0.0000000000E+00
    2      0.0000000000E+00   0.0000000000E+00   0.0000000000E+00   0.0000000000E+00   0.0000000000E+00
    3      0.0000000000E+00   0.0000000000E+00   0.0000000000E+00   0.0000000000E+00   0.0000000000E+00
    4      0.0000000000E+00   0.0000000000E+00   0.0000000000E+00   0.0000000000E+00   0.0000000000E+00
    5      0.0000000000E+00   0.0000000000E+00   0.0000000000E+00   0.0000000000E+00   0.0000000000E+00
    6      0.0000000000E+00   0.0000000000E+00   0.0000000000E+00   0.0000000000E+00   0.0000000000E+00
    7      0.0000000000E+00   0.0000000000E+00   0.0000000000E+00   0.0000000000E+00   0.0000000000E+00
    8      0.0000000000E+00   0.0000000000E+00   0.0000000000E+00   0.0000000000E+00   0.0000000000E+00
                    5                  6                  7                  8        
     0      0.0000000000E+00  -7.9652103190E-02  -2.8042479538E-01   6.6249888805E-02
     1      0.0000000000E+00   3.9455875419E-03   1.3863338068E-02  -3.2833193183E-03
     2      0.0000000000E+00  -3.1654286680E-02  -5.7070836004E-01  -5.5045838049E-04
     3      0.0000000000E+00   4.8549019489E-02   2.7210542283E-01   1.1183227103E-02
     4      0.0000000000E+00  -2.4085457988E-03  -1.3454784800E-02  -5.5556978519E-04
     5      0.0000000000E+00  -4.1619590681E-02   5.0829671040E-01  -2.2297811467E-02
     6      0.0000000000E+00   2.7447945975E-01  -4.3968099224E-01  -9.4481237744E-01
     7      0.0000000000E+00  -1.3545586273E-02   2.1774421789E-02   4.6843069755E-02
     8      0.0000000000E+00   9.5552107537E-01  -2.6283125996E-01   3.1640575479E-01

#
# The atoms: label  mass x y z (in bohrs)
#
$atoms
3
 C     12.01100     -1.911061141973     1.815945556475     0.000001889726
 N     14.00700     -3.000083856786     1.869802751291    -1.895465232190
 H      1.00800     -3.908463871005     1.914935080548     0.000005669178

$actual_temperature
  0.000000

$frequency_scale_factor
  1.000000

$dipole_derivatives
9
   -7.1060994924E-02   -3.9879070418E-03    2.3648248538E-01
   -4.3944214494E-03   -1.5240664527E-01   -1.1963551108E-02
    2.6543920848E-01   -1.3133849300E-02   -6.5274820212E-02
   -2.3730930730E-01    8.8899841831E-03   -5.6498366609E-02
    1.3752248043E-02   -6.4118721600E-02    7.8562828958E-03
   -2.1141379395E-01    1.0455558571E-02   -1.2269387589E-01
    3.1041313836E-01   -5.0096111560E-03   -1.7902583114E-01
   -4.0780316084E-03    2.1388220891E-01    7.5935519523E-03
   -6.1351708350E-02    3.0425541162E-03    1.9284069097E-01

#
# The IR spectrum
#  wavenumber eps Int TX TY TZ
#
$ir_spectrum
9
      0.00   0.00000000   0.00000000     0.000000     0.000000     0.000000
      0.00   0.00000000   0.00000000     0.000000     0.000000     0.000000
      0.00   0.00000000   0.00000000     0.000000     0.000000     0.000000
      0.00   0.00000000   0.00000000     0.000000     0.000000     0.000000
      0.00   0.00000000   0.00000000     0.000000     0.000000     0.000000
      0.00   0.00000000   0.00000000     0.000000     0.000000     0.000000
    948.96   0.00252980  12.78455259     0.004977    -0.000255     0.028409
   2232.20   0.00368149  18.60471817    -0.022278     0.001111    -0.004142
   3744.30   0.02928178 147.97813101    -0.038795     0.001949     0.030522


$end

