
$orca_hessian_file

$act_atom
  0

$act_coord
  0

$act_energy
    -4507.018309

$hessian
39
                    0                  1                  2                  3                  4        
    0      1.8552294147E-01  -1.4789719906E-02  -9.8091518265E-02  -1.2122899799E-02  -1.1552096591E-02
    1     -1.4789719906E-02   4.4675656705E-02   1.9108056213E-02  -1.5737561352E-02   4.4537833533E-03
    2     -9.8091518265E-02   1.9108056213E-02   1.8946287397E-01   2.2093017912E-02   1.8763116886E-02
    3     -1.2122899799E-02  -1.5737561352E-02   2.2093017912E-02   5.4495346141E-02   1.3159666913E-02
    4     -1.1552096591E-02   4.4537833533E-03   1.8763116886E-02   1.3159666913E-02   2.0735286776E-01
    5      9.7279362868E-03   1.7320714528E-02  -2.2216327714E-02  -1.8288351111E-02  -1.3189244344E-01
    6     -1.1337753509E-02   1.6483149111E-02   1.3634904059E-02   8.0424868505E-03  -5.1049438851E-03
    7      1.3556402521E-02  -3.9179082290E-03  -2.0733909912E-02  -3.7692924460E-03  -4.0541335158E-02
    8      6.5596175671E-03  -1.4865977088E-02  -1.9186847706E-02  -1.0630690678E-02   2.7040892993E-03
    9     -2.5716664657E-03  -3.1730292303E-03  -1.8643971427E-03  -7.0692493596E-03  -3.4999243277E-04
   10      1.3788683049E-03  -1.2765233305E-03  -4.0223279364E-03  -6.6128209629E-03  -1.4547256371E-03
   11     -1.4525100233E-02  -9.8237028712E-03  -2.6561767546E-03  -3.5596671087E-03  -2.2741564985E-03
   12     -4.0213615695E-03   4.2383336980E-03   2.4664182074E-03  -1.1641346306E-03   8.1560272125E-03
   13     -1.4502452713E-03   2.1642148517E-05   3.0086607339E-03  -6.1332775354E-03   2.4547654321E-03
   14     -1.2060308846E-02   3.7938058265E-03  -4.3184460682E-03  -5.8833622291E-03   2.8646711308E-03
   15     -7.3656099835E-05  -2.0500227309E-03  -5.1419658630E-03  -7.0508491317E-03   3.4113272056E-03
   16      1.1145150197E-03  -1.9877327265E-03   2.7302562735E-03  -5.3761024656E-04   2.0488472884E-03
   17     -2.4317204603E-03  -3.1286075433E-03  -7.5326256248E-03  -1.2172291575E-03   2.5088288710E-03
   18     -3.1969506458E-03   9.2036087986E-04   4.7275530011E-03  -8.3677166190E-04   6.1023831761E-03
   19      2.5622720543E-03   5.0468906351E-03   9.2115437914E-04  -2.2327676306E-03   7.0726369950E-03
   20     -1.5924962245E-03   4.6032038356E-04   1.8470376203E-03  -1.5297959960E-03   1.7208405739E-03
   21     -1.4320193962E-01   1.5524274524E-02   6.9339334469E-02  -2.2485091434E-02   2.0742157937E-02
   22      8.5770533881E-03  -2.4258672418E-02  -4.0841011883E-03   1.4000404342E-02  -1.3453626430E-01
   23      5.6340759103E-02  -5.7745601068E-03  -3.8212000761E-02  -9.9961701644E-04   1.0796696243E-01
   24     -3.1197901256E-03  -2.2049375039E-03  -6.0026642664E-03  -4.8507733495E-03  -2.6272058087E-02
   25      2.5812249229E-03  -1.7677001888E-02  -1.1800038696E-02   8.6755882593E-03  -3.9792400383E-02
   26      5.4704481454E-02  -9.3169279550E-03  -9.4304339331E-02   2.2306598226E-02  -4.3394129247E-03
   27     -1.3732957671E-03  -1.7693913868E-03  -3.3970628121E-03  -2.2787710620E-03  -2.0233399422E-03
   28     -2.5150359276E-04  -1.0736731862E-05  -1.0089244821E-04  -1.0420624351E-03   8.9564199481E-04
   29     -6.1369277111E-04   1.5280109014E-03  -2.8094354400E-03  -2.0780548822E-03  -2.2981599894E-03
   30     -4.0152929462E-03   2.1466550522E-03   3.2793150775E-03  -4.6286142042E-03  -4.0315925328E-03
   31     -6.7729773661E-04  -1.0334177445E-03  -2.5288394936E-03  -9.5092535144E-04  -5.0492562252E-03
   32      1.0517353011E-03   6.0250882494E-04  -4.6336194390E-03  -2.1139621402E-03   2.0515678729E-03
   33     -2.4153792213E-04   4.7490732625E-04  -9.4381282786E-04  -6.3695584461E-04  -8.7010945202E-04
   34     -3.6200942845E-04  -3.2984681165E-04  -7.4233291518E-04  -2.0434799211E-04  -1.1991446575E-03
   35     -2.7983816270E-04  -2.2308564519E-04   9.1665672291E-04   6.8887308382E-04   2.3245901146E-04
   36     -2.5839611302E-04  -6.5969647922E-05  -9.0902195829E-05   5.8589854390E-04  -1.3680602846E-03
   37     -6.7838569118E-04  -3.7011094332E-03  -4.7710919643E-04   1.4063780760E-03  -1.6828546359E-03
   38      1.2055035478E-03   3.1823260058E-04   3.6448147609E-03   1.2056052875E-03   1.9865054753E-03
                    5                  6                  7                  8                  9        
    0      9.7279362868E-03  -1.1337753509E-02   1.3556402521E-02   6.5596175671E-03  -2.5716664657E-03
    1      1.7320714528E-02   1.6483149111E-02  -3.9179082290E-03  -1.4865977088E-02  -3.1730292303E-03
    2     -2.2216327714E-02   1.3634904059E-02  -2.0733909912E-02  -1.9186847706E-02  -1.8643971427E-03
    3     -1.8288351111E-02   8.0424868505E-03  -3.7692924460E-03  -1.0630690678E-02  -7.0692493596E-03
    4     -1.3189244344E-01  -5.1049438851E-03  -4.0541335158E-02   2.7040892993E-03  -3.4999243277E-04
    5      1.4603024705E-01  -8.7991019237E-03   2.5213551279E-03   5.5162428094E-03   5.3422604043E-04
    6     -8.7991019237E-03   6.5569518088E-02  -1.4489200865E-02  -8.7295797810E-03  -9.8009864837E-03
    7      2.5213551279E-03  -1.4489200865E-02   2.4316643991E-01   1.1446962893E-01  -5.2224329433E-03
    8      5.5162428094E-03  -8.7295797810E-03   1.1446962893E-01   9.7717946199E-02  -3.3882807898E-04
    9      5.3422604043E-04  -9.8009864837E-03  -5.2224329433E-03  -3.3882807898E-04   7.8320343837E-02
   10     -3.0987598490E-03   5.0862985060E-03   2.2513248246E-03   6.1252644708E-03   3.6573682741E-02
   11     -1.5434371434E-03  -4.6209457747E-03  -4.3521701177E-03  -1.0524668885E-03   6.2124976242E-03
   12      4.0425236896E-04  -5.9629430328E-03  -2.5249542501E-03   3.0132493952E-03  -1.3804234946E-03
   13     -3.2407615469E-03   5.9900570578E-03  -1.3189307890E-03  -6.0182000913E-05  -4.5015501587E-03
   14     -3.7136909263E-03  -7.3602484479E-03   2.7729355434E-03  -2.1659893872E-03  -6.9063598188E-03
   15     -1.2002536980E-02  -3.8288015323E-03  -5.9842235235E-03  -7.2283285108E-03  -9.1687477707E-03
   16     -2.3833734647E-03   2.8045965609E-03   4.6193530708E-05   5.0891317918E-03  -1.9218675460E-02
   17     -1.2564104731E-03   1.9167614646E-03  -5.2702211194E-03   1.7083124420E-03   1.8067057234E-02
   18     -3.9002357454E-04  -7.5490909739E-04  -4.7787085442E-03   2.9148215410E-03  -3.2604660480E-03
   19      3.2626927465E-03   3.8343689408E-03   5.7125187949E-03  -3.6941790348E-03  -1.1897584862E-03
   20     -4.2322979785E-03   1.7552309870E-03  -5.9379066327E-03  -3.9661696468E-03  -1.3809022365E-03
   21     -9.1774084255E-03  -1.8865562177E-02  -3.3317721720E-02  -1.4169840378E-02  -1.0820987569E-03
   22      9.6180265148E-02  -1.9517663416E-02  -1.5100750090E-01  -8.5164950311E-02  -2.4830820810E-03
   23     -1.1156254503E-01  -5.5422359847E-03  -9.2268261335E-02  -7.1544941000E-02  -1.3999772575E-03
   24      4.0313099832E-02  -1.5302276035E-02   4.7769506400E-02   3.7072722623E-02  -3.1834596469E-02
   25      2.3704098973E-02   5.0423694833E-03  -5.2661069224E-02  -2.6310455341E-02  -2.3344587841E-02
   26     -8.0813696027E-03   1.6963349264E-02   1.0775250814E-02  -7.3034940861E-03  -3.5111167681E-03
   27     -1.1900837975E-03  -4.1091815819E-03   2.7242480565E-03  -2.5832404851E-03   1.6817441985E-03
   28     -1.5375488641E-03  -5.2747358712E-03  -7.5156803983E-04  -1.6208046911E-03  -8.7108141897E-05
   29     -7.5358814156E-04  -1.3010382456E-03   3.6272017585E-03  -2.7807447585E-03   5.1534971164E-04
   30     -1.4091669910E-03  -4.3598248427E-03   3.1489543294E-03  -5.4865606506E-03  -1.5621448566E-02
   31      2.0243949305E-03   6.6914940857E-03  -1.0558385942E-03   6.3213036896E-04   1.9738375452E-02
   32     -1.6108150845E-03   1.2479314649E-04  -4.2266502828E-03  -2.1692651921E-03  -9.0917432324E-03
   33     -2.4504334170E-04   5.1712835345E-04   1.1252301435E-03  -1.0731575501E-03   1.5964575692E-03
   34      3.2593941862E-04   4.4394735368E-04   1.1434813938E-03  -1.0828663584E-04   2.6584080257E-03
   35      3.7960653516E-04   1.0665859093E-03  -3.0029188472E-04   9.1956554125E-04   3.9188733555E-04
   36      5.1895904914E-04   1.8957085670E-04   1.7590982699E-03   6.7610996421E-04   1.9304812614E-04
   37     -3.1709232737E-03  -1.9608092652E-03  -1.0945086049E-03   2.8343189759E-03   5.7107221634E-04
   38      3.0401804092E-03   8.8786758883E-04  -1.0723254416E-03   4.3015500821E-03  -1.2212065392E-03
                   10                 11                 12                 13                 14        
    0      1.3788683049E-03  -1.4525100233E-02  -4.0213615695E-03  -1.4502452713E-03  -1.2060308846E-02
    1     -1.2765233305E-03  -9.8237028712E-03   4.2383336980E-03   2.1642148517E-05   3.7938058265E-03
    2     -4.0223279364E-03  -2.6561767546E-03   2.4664182074E-03   3.0086607339E-03  -4.3184460682E-03
    3     -6.6128209629E-03  -3.5596671087E-03  -1.1641346306E-03  -6.1332775354E-03  -5.8833622291E-03
    4     -1.4547256371E-03  -2.2741564985E-03   8.1560272125E-03   2.4547654321E-03   2.8646711308E-03
    5     -3.0987598490E-03  -1.5434371434E-03   4.0425236896E-04  -3.2407615469E-03  -3.7136909263E-03
    6      5.0862985060E-03  -4.6209457747E-03  -5.9629430328E-03   5.9900570578E-03  -7.3602484479E-03
    7      2.2513248246E-03  -4.3521701177E-03  -2.5249542501E-03  -1.3189307890E-03   2.7729355434E-03
    8      6.1252644708E-03  -1.0524668885E-03   3.0132493952E-03  -6.0182000913E-05  -2.1659893872E-03
    9      3.6573682741E-02   6.2124976242E-03  -1.3804234946E-03  -4.5015501587E-03  -6.9063598188E-03
   10      2.3132329146E-01  -9.3247923499E-02   4.0727879529E-03  -4.0010496419E-02   2.6562296101E-03
   11     -9.3247923499E-02   1.0920702439E-01  -5.5709931767E-03  -3.3934548173E-04   7.2410070594E-03
   12      4.0727879529E-03  -5.5709931767E-03   4.0723214028E-02  -2.8663974082E-02  -4.0585140222E-03
   13     -4.0010496419E-02  -3.3934548173E-04  -2.8663974082E-02   2.3333143843E-01   1.1084858168E-01
   14      2.6562296101E-03   7.2410070594E-03  -4.0585140222E-03   1.1084858168E-01   1.3023725130E-01
   15     -1.1668618546E-02   8.1588425229E-03  -1.1817208624E-02   9.7617740377E-03   1.3467816041E-02
   16     -1.4061829649E-03   2.0285149443E-02   1.0989909732E-02   2.9183225740E-03  -2.2614664722E-02
   17      2.3050009182E-02  -1.9494980842E-02   1.1041196939E-02  -2.1809718972E-02  -1.8705219512E-02
   18     -1.8858803239E-03  -2.4930318074E-04  -4.1851375440E-03   1.0535074326E-03   2.7004783628E-03
   19      6.0629392615E-04   1.4705631857E-03  -2.7779004728E-03   4.4979869636E-04  -8.7344885988E-04
   20     -1.6478734296E-03  -1.6881021971E-03  -5.4338454369E-03   1.7850809878E-03  -3.9067897033E-03
   21      1.6215408819E-03   1.0808394305E-03  -4.4216436522E-03  -1.5012131696E-03  -4.1547065165E-03
   22     -5.8459907836E-03   1.1795113626E-03   6.7016803318E-03  -4.6857831821E-03   8.9398197645E-04
   23      3.0464154639E-03  -1.2865483179E-03  -2.6113699140E-03  -2.1743092767E-03   2.6961672833E-03
   24     -6.3814408381E-02   2.8750951074E-02  -7.6204788244E-03   4.7185319399E-02   3.8573362333E-02
   25     -7.4780029381E-02   1.9541341117E-02   2.7556213886E-03  -6.0482974591E-02  -1.3184271188E-02
   26     -1.5768796987E-02  -1.0944506955E-02   8.7828667782E-04   1.1994833269E-02  -7.4452867106E-03
   27      3.9546410902E-03  -4.0353892803E-03   4.9835756000E-03  -4.9319486799E-03  -6.8000737044E-03
   28      4.9924522599E-04   3.4589179829E-03  -3.5065803723E-03  -5.1922630703E-03   3.8393183496E-03
   29      4.9946658915E-03   1.9385690968E-03   4.3258158694E-04  -7.0389333925E-04   1.7867893070E-03
   30      2.8356272210E-02  -1.3562234621E-02  -7.8689938463E-03  -1.7456302957E-02  -9.4998343020E-03
   31     -1.1046148451E-01   6.5684917393E-02  -4.5125188269E-03  -1.2955359512E-01  -8.9496934023E-02
   32      8.0016830103E-02  -7.7397247703E-02  -5.4708219805E-06  -1.0179879190E-01  -1.0274425203E-01
   33      2.3853448005E-03   1.8790313103E-03   2.1606343747E-03   1.0137995394E-03   1.5386696892E-03
   34      2.4710459557E-04  -9.0630685207E-04   3.8408831335E-03   1.8102985147E-03  -1.9973326586E-03
   35     -1.4931525244E-03  -2.2296676116E-03   7.1223675066E-04   2.4242399942E-03  -5.6488126827E-04
   36      5.4993269501E-04   3.7011101882E-05   5.7657442954E-04  -3.6727038398E-04   4.4445538606E-04
   37      2.8763909337E-04  -6.8245908296E-04   1.1859363753E-03   2.6580866105E-04   4.9576790680E-04
   38     -6.0466370893E-04  -9.0996269154E-05  -1.2643701316E-03   6.2471853358E-05   1.6047519849E-03
                   15                 16                 17                 18                 19        
    0     -7.3656099835E-05   1.1145150197E-03  -2.4317204603E-03  -3.1969506458E-03   2.5622720543E-03
    1     -2.0500227309E-03  -1.9877327265E-03  -3.1286075433E-03   9.2036087986E-04   5.0468906351E-03
    2     -5.1419658630E-03   2.7302562735E-03  -7.5326256248E-03   4.7275530011E-03   9.2115437914E-04
    3     -7.0508491317E-03  -5.3761024656E-04  -1.2172291575E-03  -8.3677166190E-04  -2.2327676306E-03
    4      3.4113272056E-03   2.0488472884E-03   2.5088288710E-03   6.1023831761E-03   7.0726369950E-03
    5     -1.2002536980E-02  -2.3833734647E-03  -1.2564104731E-03  -3.9002357454E-04   3.2626927465E-03
    6     -3.8288015323E-03   2.8045965609E-03   1.9167614646E-03  -7.5490909739E-04   3.8343689408E-03
    7     -5.9842235235E-03   4.6193530708E-05  -5.2702211194E-03  -4.7787085442E-03   5.7125187949E-03
    8     -7.2283285108E-03   5.0891317918E-03   1.7083124420E-03   2.9148215410E-03  -3.6941790348E-03
    9     -9.1687477707E-03  -1.9218675460E-02   1.8067057234E-02  -3.2604660480E-03  -1.1897584862E-03
   10     -1.1668618546E-02  -1.4061829649E-03   2.3050009182E-02  -1.8858803239E-03   6.0629392615E-04
   11      8.1588425229E-03   2.0285149443E-02  -1.9494980842E-02  -2.4930318074E-04   1.4705631857E-03
   12     -1.1817208624E-02   1.0989909732E-02   1.1041196939E-02  -4.1851375440E-03  -2.7779004728E-03
   13      9.7617740377E-03   2.9183225740E-03  -2.1809718972E-02   1.0535074326E-03   4.4979869636E-04
   14      1.3467816041E-02  -2.2614664722E-02  -1.8705219512E-02   2.7004783628E-03  -8.7344885988E-04
   15      2.1531569302E-01   1.9367580342E-03  -1.2967552813E-01   1.8352441213E-04  -1.1252214151E-03
   16      1.9367580342E-03   4.8362909930E-02  -1.0241515651E-02  -8.7447661381E-04  -1.8407133757E-04
   17     -1.2967552813E-01  -1.0241515651E-02   1.4184120029E-01  -3.6711538091E-03  -7.8638668818E-04
   18      1.8352441213E-04  -8.7447661381E-04  -3.6711538091E-03   5.4619293387E-01  -2.0398888283E-02
   19     -1.1252214151E-03  -1.8407133757E-04  -7.8638668818E-04  -2.0398888283E-02   2.1918195486E-02
   20     -1.7157213317E-03  -3.7515721340E-04  -1.8544345471E-03  -5.1363342737E-03   7.7855722700E-03
   21     -4.1326973744E-03   8.9181649614E-04  -4.8236151815E-04  -1.1441298448E-01  -4.8664954183E-03
   22      4.0829324286E-04   7.4864192610E-04   7.5620417450E-04  -4.2293293538E-03  -3.0598448845E-02
   23      1.4877519253E-03  -1.2879896663E-03  -7.3685658174E-03  -1.1919028239E-01   5.3600239796E-05
   24      2.5805512954E-03  -1.6712492447E-03   9.0958329045E-03  -3.0988993459E-03   1.3960389910E-03
   25      6.4316591547E-03  -2.6279956012E-02   7.2237027614E-03   1.8031167739E-03  -1.8756891109E-04
   26      5.5822415796E-02   4.4329699365E-03  -3.0131249032E-02  -1.7792867059E-02  -1.5721377619E-03
   27     -3.8723264362E-03  -2.4486623230E-03   8.1861124243E-04  -5.9509842143E-04   7.3476348310E-04
   28     -2.3179307344E-03   1.6157904082E-03   6.3842430759E-05   1.6080407907E-03  -5.5007432148E-04
   29     -4.3821352081E-03   7.3716480731E-03   4.7207335382E-03  -1.4519610525E-03  -4.5316879320E-04
   30     -1.8032130030E-01   3.7394607848E-03   9.4832014295E-02   8.1110427905E-03   1.9038164920E-03
   31      3.4447667479E-04  -2.5834695801E-02   5.4903089676E-03  -1.2667902135E-03   4.9875969174E-04
   32      8.0616915656E-02   6.9313812559E-04  -5.9947566183E-02   6.6569057438E-03   4.7823573560E-04
   33      2.2533536309E-03   3.2562028464E-03   1.3133451638E-03   1.9185605373E-04   3.7961839852E-05
   34      5.9202529880E-05  -4.3527329157E-05   1.7647637046E-03  -4.4763748208E-04   2.9134117595E-04
   35      2.4252041042E-04  -3.2078477558E-03  -4.2714042807E-04   3.2618317673E-04   1.6565084550E-04
   36     -7.1292003836E-05   1.7487672447E-05   3.9487841481E-04  -4.2433427017E-01   2.2123974219E-02
   37      7.8290922629E-04  -1.5349999762E-05   3.4410338854E-04   2.2386552263E-02  -1.0081477615E-02
   38      3.4966125135E-04  -4.9381437760E-04  -1.5503029045E-03   1.3055529265E-01  -6.7582164502E-03
                   20                 21                 22                 23                 24        
    0     -1.5924962245E-03  -1.4320193962E-01   8.5770533881E-03   5.6340759103E-02  -3.1197901256E-03
    1      4.6032038356E-04   1.5524274524E-02  -2.4258672418E-02  -5.7745601068E-03  -2.2049375039E-03
    2      1.8470376203E-03   6.9339334469E-02  -4.0841011883E-03  -3.8212000761E-02  -6.0026642664E-03
    3     -1.5297959960E-03  -2.2485091434E-02   1.4000404342E-02  -9.9961701644E-04  -4.8507733495E-03
    4      1.7208405739E-03   2.0742157937E-02  -1.3453626430E-01   1.0796696243E-01  -2.6272058087E-02
    5     -4.2322979785E-03  -9.1774084255E-03   9.6180265148E-02  -1.1156254503E-01   4.0313099832E-02
    6      1.7552309870E-03  -1.8865562177E-02  -1.9517663416E-02  -5.5422359847E-03  -1.5302276035E-02
    7     -5.9379066327E-03  -3.3317721720E-02  -1.5100750090E-01  -9.2268261335E-02   4.7769506400E-02
    8     -3.9661696468E-03  -1.4169840378E-02  -8.5164950311E-02  -7.1544941000E-02   3.7072722623E-02
    9     -1.3809022365E-03  -1.0820987569E-03  -2.4830820810E-03  -1.3999772575E-03  -3.1834596469E-02
   10     -1.6478734296E-03   1.6215408819E-03  -5.8459907836E-03   3.0464154639E-03  -6.3814408381E-02
   11     -1.6881021971E-03   1.0808394305E-03   1.1795113626E-03  -1.2865483179E-03   2.8750951074E-02
   12     -5.4338454369E-03  -4.4216436522E-03   6.7016803318E-03  -2.6113699140E-03  -7.6204788244E-03
   13      1.7850809878E-03  -1.5012131696E-03  -4.6857831821E-03  -2.1743092767E-03   4.7185319399E-02
   14     -3.9067897033E-03  -4.1547065165E-03   8.9398197645E-04   2.6961672833E-03   3.8573362333E-02
   15     -1.7157213317E-03  -4.1326973744E-03   4.0829324286E-04   1.4877519253E-03   2.5805512954E-03
   16     -3.7515721340E-04   8.9181649614E-04   7.4864192610E-04  -1.2879896663E-03  -1.6712492447E-03
   17     -1.8544345471E-03  -4.8236151815E-04   7.5620417450E-04  -7.3685658174E-03   9.0958329045E-03
   18     -5.1363342737E-03  -1.1441298448E-01  -4.2293293538E-03  -1.1919028239E-01  -3.0988993459E-03
   19      7.7855722700E-03  -4.8664954183E-03  -3.0598448845E-02   5.3600239796E-05   1.3960389910E-03
   20      1.9163193406E-01  -1.1405656187E-01  -9.1098104292E-04  -1.3812272290E-01   5.2007948068E-03
   21     -1.1405656187E-01   4.2173770036E-01   4.2526358494E-03   1.9755965012E-01  -8.9469938340E-02
   22     -9.1098104292E-04   4.2526358494E-03   2.7527516836E-01  -6.6849056491E-03  -7.8857206315E-03
   23     -1.3812272290E-01   1.9755965012E-01  -6.6849056491E-03   4.0374292125E-01  -1.2260929565E-01
   24      5.2007948068E-03  -8.9469938340E-02  -7.8857206315E-03  -1.2260929565E-01   2.5174378796E-01
   25      1.5658991024E-03  -9.3018896030E-03   6.6792445911E-02  -3.5560237917E-03   1.5618139659E-02
   26      9.5984045460E-03  -1.0458507083E-01   1.0260190101E-03  -3.0585110121E-02   8.9363151002E-02
   27     -2.0222428910E-03   2.9623333214E-03   7.0149486683E-04   5.0681662426E-03  -7.9285973031E-04
   28     -2.2041953355E-03  -4.7357384160E-03   4.0923403345E-04   1.5711235347E-03   1.2887682953E-02
   29      7.2989456157E-04   7.2621814003E-03  -3.7833000908E-04   4.2416260276E-03  -1.1284735334E-02
   30      1.8092314870E-03  -1.3233094152E-02  -1.0499210400E-03  -3.2088028521E-03  -9.2092321550E-02
   31      4.1662367959E-03   6.7668638671E-03  -2.8587231318E-03  -1.7565443050E-03  -1.6166627663E-02
   32     -6.3507049263E-04  -1.5042100485E-02  -1.9962419194E-03  -4.5716091481E-03  -1.0468477353E-01
   33      1.5778666787E-03   2.7817827165E-03  -2.7134179848E-04   3.9118715835E-04  -6.0422586707E-03
   34      4.1108155239E-04   2.2954376965E-03   8.2134682454E-05   8.4235432639E-04  -5.3402357822E-03
   35      3.8138233278E-04  -7.2027255168E-04   6.7298210568E-05  -1.1315399381E-03   7.2464314591E-05
   36      1.2253301522E-01  -1.6176407484E-02   7.9756217755E-04  -5.2997728462E-03  -7.3169149232E-05
   37     -6.8336338295E-03   1.5988175595E-03   1.0483140024E-02  -1.2482691616E-05  -1.4860002435E-03
   38     -4.9779157815E-02  -1.2832210219E-02  -8.8034354995E-04  -6.2856016500E-03  -3.8761049441E-03
                   25                 26                 27                 28                 29        
    0      2.5812249229E-03   5.4704481454E-02  -1.3732957671E-03  -2.5150359276E-04  -6.1369277111E-04
    1     -1.7677001888E-02  -9.3169279550E-03  -1.7693913868E-03  -1.0736731862E-05   1.5280109014E-03
    2     -1.1800038696E-02  -9.4304339331E-02  -3.3970628121E-03  -1.0089244821E-04  -2.8094354400E-03
    3      8.6755882593E-03   2.2306598226E-02  -2.2787710620E-03  -1.0420624351E-03  -2.0780548822E-03
    4     -3.9792400383E-02  -4.3394129247E-03  -2.0233399422E-03   8.9564199481E-04  -2.2981599894E-03
    5      2.3704098973E-02  -8.0813696027E-03  -1.1900837975E-03  -1.5375488641E-03  -7.5358814156E-04
    6      5.0423694833E-03   1.6963349264E-02  -4.1091815819E-03  -5.2747358712E-03  -1.3010382456E-03
    7     -5.2661069224E-02   1.0775250814E-02   2.7242480565E-03  -7.5156803983E-04   3.6272017585E-03
    8     -2.6310455341E-02  -7.3034940861E-03  -2.5832404851E-03  -1.6208046911E-03  -2.7807447585E-03
    9     -2.3344587841E-02  -3.5111167681E-03   1.6817441985E-03  -8.7108141897E-05   5.1534971164E-04
   10     -7.4780029381E-02  -1.5768796987E-02   3.9546410902E-03   4.9924522599E-04   4.9946658915E-03
   11      1.9541341117E-02  -1.0944506955E-02  -4.0353892803E-03   3.4589179829E-03   1.9385690968E-03
   12      2.7556213886E-03   8.7828667782E-04   4.9835756000E-03  -3.5065803723E-03   4.3258158694E-04
   13     -6.0482974591E-02   1.1994833269E-02  -4.9319486799E-03  -5.1922630703E-03  -7.0389333925E-04
   14     -1.3184271188E-02  -7.4452867106E-03  -6.8000737044E-03   3.8393183496E-03   1.7867893070E-03
   15      6.4316591547E-03   5.5822415796E-02  -3.8723264362E-03  -2.3179307344E-03  -4.3821352081E-03
   16     -2.6279956012E-02   4.4329699365E-03  -2.4486623230E-03   1.6157904082E-03   7.3716480731E-03
   17      7.2237027614E-03  -3.0131249032E-02   8.1861124243E-04   6.3842430759E-05   4.7207335382E-03
   18      1.8031167739E-03  -1.7792867059E-02  -5.9509842143E-04   1.6080407907E-03  -1.4519610525E-03
   19     -1.8756891109E-04  -1.5721377619E-03   7.3476348310E-04  -5.5007432148E-04  -4.5316879320E-04
   20      1.5658991024E-03   9.5984045460E-03  -2.0222428910E-03  -2.2041953355E-03   7.2989456157E-04
   21     -9.3018896030E-03  -1.0458507083E-01   2.9623333214E-03  -4.7357384160E-03   7.2621814003E-03
   22      6.6792445911E-02   1.0260190101E-03   7.0149486683E-04   4.0923403345E-04  -3.7833000908E-04
   23     -3.5560237917E-03  -3.0585110121E-02   5.0681662426E-03   1.5711235347E-03   4.2416260276E-03
   24      1.5618139659E-02   8.9363151002E-02  -7.9285973031E-04   1.2887682953E-02  -1.1284735334E-02
   25      1.3540206456E-01   5.9955109978E-03  -4.4622302668E-04   6.3826838562E-03  -7.7105834654E-03
   26      5.9955109978E-03   2.0878598892E-01   3.6039768975E-03   4.2804874490E-03   6.6550897002E-04
   27     -4.4622302668E-04   3.6039768975E-03   2.3730648281E-01  -4.9397846089E-02   1.8234340561E-01
   28      6.3826838562E-03   4.2804874490E-03  -4.9397846089E-02   2.4685999488E-01  -1.9100945050E-01
   29     -7.7105834654E-03   6.6550897002E-04   1.8234340561E-01  -1.9100945050E-01   2.7849780674E-01
   30     -6.2664889313E-03  -1.1604782263E-01  -1.8994619259E-01  -3.1483542247E-02  -8.8034654603E-02
   31      6.4577479071E-02  -6.4494103527E-03  -3.5344888954E-02  -2.1677386390E-02  -2.7379004708E-02
   32      3.3569718568E-03  -2.0675756668E-02  -8.6776762123E-02  -2.6156517118E-02  -7.5012413255E-02
   33     -3.0890434875E-03  -9.9569481729E-04  -4.4865218000E-02   8.3304648006E-02  -8.1775597653E-02
   34     -1.1793520944E-03  -1.8088326992E-03   8.8593523782E-02  -2.2857055542E-01   2.1232805775E-01
   35      4.3938222432E-04  -1.1583963841E-03  -8.5982371140E-02   2.0824240201E-01  -2.1115307390E-01
   36     -4.5115359841E-04  -6.9639175029E-04   8.9879146507E-04   2.9600333076E-04   3.7103685956E-04
   37     -1.0053700481E-04   7.2884558163E-04  -3.3242853301E-04   9.6880495294E-05   8.9500713552E-05
   38      7.3467073470E-04  -8.4312802333E-03   9.4800760879E-04   1.1753081892E-03  -7.8395203328E-05
                   30                 31                 32                 33                 34        
    0     -4.0152929462E-03  -6.7729773661E-04   1.0517353011E-03  -2.4153792213E-04  -3.6200942845E-04
    1      2.1466550522E-03  -1.0334177445E-03   6.0250882494E-04   4.7490732625E-04  -3.2984681165E-04
    2      3.2793150775E-03  -2.5288394936E-03  -4.6336194390E-03  -9.4381282786E-04  -7.4233291518E-04
    3     -4.6286142042E-03  -9.5092535144E-04  -2.1139621402E-03  -6.3695584461E-04  -2.0434799211E-04
    4     -4.0315925328E-03  -5.0492562252E-03   2.0515678729E-03  -8.7010945202E-04  -1.1991446575E-03
    5     -1.4091669910E-03   2.0243949305E-03  -1.6108150845E-03  -2.4504334170E-04   3.2593941862E-04
    6     -4.3598248427E-03   6.6914940857E-03   1.2479314649E-04   5.1712835345E-04   4.4394735368E-04
    7      3.1489543294E-03  -1.0558385942E-03  -4.2266502828E-03   1.1252301435E-03   1.1434813938E-03
    8     -5.4865606506E-03   6.3213036896E-04  -2.1692651921E-03  -1.0731575501E-03  -1.0828663584E-04
    9     -1.5621448566E-02   1.9738375452E-02  -9.0917432324E-03   1.5964575692E-03   2.6584080257E-03
   10      2.8356272210E-02  -1.1046148451E-01   8.0016830103E-02   2.3853448005E-03   2.4710459557E-04
   11     -1.3562234621E-02   6.5684917393E-02  -7.7397247703E-02   1.8790313103E-03  -9.0630685207E-04
   12     -7.8689938463E-03  -4.5125188269E-03  -5.4708219805E-06   2.1606343747E-03   3.8408831335E-03
   13     -1.7456302957E-02  -1.2955359512E-01  -1.0179879190E-01   1.0137995394E-03   1.8102985147E-03
   14     -9.4998343020E-03  -8.9496934023E-02  -1.0274425203E-01   1.5386696892E-03  -1.9973326586E-03
   15     -1.8032130030E-01   3.4447667479E-04   8.0616915656E-02   2.2533536309E-03   5.9202529880E-05
   16      3.7394607848E-03  -2.5834695801E-02   6.9313812559E-04   3.2562028464E-03  -4.3527329157E-05
   17      9.4832014295E-02   5.4903089676E-03  -5.9947566183E-02   1.3133451638E-03   1.7647637046E-03
   18      8.1110427905E-03  -1.2667902135E-03   6.6569057438E-03   1.9185605373E-04  -4.4763748208E-04
   19      1.9038164920E-03   4.9875969174E-04   4.7823573560E-04   3.7961839852E-05   2.9134117595E-04
   20      1.8092314870E-03   4.1662367959E-03  -6.3507049263E-04   1.5778666787E-03   4.1108155239E-04
   21     -1.3233094152E-02   6.7668638671E-03  -1.5042100485E-02   2.7817827165E-03   2.2954376965E-03
   22     -1.0499210400E-03  -2.8587231318E-03  -1.9962419194E-03  -2.7134179848E-04   8.2134682454E-05
   23     -3.2088028521E-03  -1.7565443050E-03  -4.5716091481E-03   3.9118715835E-04   8.4235432639E-04
   24     -9.2092321550E-02  -1.6166627663E-02  -1.0468477353E-01  -6.0422586707E-03  -5.3402357822E-03
   25     -6.2664889313E-03   6.4577479071E-02   3.3569718568E-03  -3.0890434875E-03  -1.1793520944E-03
   26     -1.1604782263E-01  -6.4494103527E-03  -2.0675756668E-02  -9.9569481729E-04  -1.8088326992E-03
   27     -1.8994619259E-01  -3.5344888954E-02  -8.6776762123E-02  -4.4865218000E-02   8.8593523782E-02
   28     -3.1483542247E-02  -2.1677386390E-02  -2.6156517118E-02   8.3304648006E-02  -2.2857055542E-01
   29     -8.8034654603E-02  -2.7379004708E-02  -7.5012413255E-02  -8.1775597653E-02   2.1232805775E-01
   30      5.1634835699E-01   2.5068287979E-02   1.4581377245E-01  -1.1617114072E-02  -3.3276628771E-03
   31      2.5068287979E-02   2.3093032801E-01   4.4042193267E-02   9.3760598279E-04   1.5819376805E-03
   32      1.4581377245E-01   4.4042193267E-02   3.4872570311E-01  -1.6309877247E-02   3.1329982897E-03
   33     -1.1617114072E-02   9.3760598279E-04  -1.6309877247E-02   5.4183224507E-02  -8.8281396072E-02
   34     -3.3276628771E-03   1.5819376805E-03   3.1329982897E-03  -8.8281396072E-02   2.2624981626E-01
   35     -1.1152475655E-02   6.8207423252E-03  -2.0551401125E-03   9.4861377417E-02  -2.1314257589E-01
   36     -7.6847289089E-04  -6.3097247806E-04  -2.4558496264E-04  -2.8269672571E-04   7.3514648420E-05
   37     -7.2009624563E-04  -5.6639664256E-05  -1.7445411741E-04  -1.9537893096E-05  -8.3919823140E-05
   38      2.6729079253E-03  -1.2515823286E-03   2.7307199912E-03  -2.1783349751E-04  -1.0227931365E-04
                   35                 36                 37                 38        
     0     -2.7983816270E-04  -2.5839611302E-04  -6.7838569118E-04   1.2055035478E-03
     1     -2.2308564519E-04  -6.5969647922E-05  -3.7011094332E-03   3.1823260058E-04
     2      9.1665672291E-04  -9.0902195829E-05  -4.7710919643E-04   3.6448147609E-03
     3      6.8887308382E-04   5.8589854390E-04   1.4063780760E-03   1.2056052875E-03
     4      2.3245901146E-04  -1.3680602846E-03  -1.6828546359E-03   1.9865054753E-03
     5      3.7960653516E-04   5.1895904914E-04  -3.1709232737E-03   3.0401804092E-03
     6      1.0665859093E-03   1.8957085670E-04  -1.9608092652E-03   8.8786758883E-04
     7     -3.0029188472E-04   1.7590982699E-03  -1.0945086049E-03  -1.0723254416E-03
     8      9.1956554125E-04   6.7610996421E-04   2.8343189759E-03   4.3015500821E-03
     9      3.9188733555E-04   1.9304812614E-04   5.7107221634E-04  -1.2212065392E-03
    10     -1.4931525244E-03   5.4993269501E-04   2.8763909337E-04  -6.0466370893E-04
    11     -2.2296676116E-03   3.7011101882E-05  -6.8245908296E-04  -9.0996269154E-05
    12      7.1223675066E-04   5.7657442954E-04   1.1859363753E-03  -1.2643701316E-03
    13      2.4242399942E-03  -3.6727038398E-04   2.6580866105E-04   6.2471853358E-05
    14     -5.6488126827E-04   4.4445538606E-04   4.9576790680E-04   1.6047519849E-03
    15      2.4252041042E-04  -7.1292003836E-05   7.8290922629E-04   3.4966125135E-04
    16     -3.2078477558E-03   1.7487672447E-05  -1.5349999762E-05  -4.9381437760E-04
    17     -4.2714042807E-04   3.9487841481E-04   3.4410338854E-04  -1.5503029045E-03
    18      3.2618317673E-04  -4.2433427017E-01   2.2386552263E-02   1.3055529265E-01
    19      1.6565084550E-04   2.2123974219E-02  -1.0081477615E-02  -6.7582164502E-03
    20      3.8138233278E-04   1.2253301522E-01  -6.8336338295E-03  -4.9779157815E-02
    21     -7.2027255168E-04  -1.6176407484E-02   1.5988175595E-03  -1.2832210219E-02
    22      6.7298210568E-05   7.9756217755E-04   1.0483140024E-02  -8.8034354995E-04
    23     -1.1315399381E-03  -5.2997728462E-03  -1.2482691616E-05  -6.2856016500E-03
    24      7.2464314591E-05  -7.3169149232E-05  -1.4860002435E-03  -3.8761049441E-03
    25      4.3938222432E-04  -4.5115359841E-04  -1.0053700481E-04   7.3467073470E-04
    26     -1.1583963841E-03  -6.9639175029E-04   7.2884558163E-04  -8.4312802333E-03
    27     -8.5982371140E-02   8.9879146507E-04  -3.3242853301E-04   9.4800760879E-04
    28      2.0824240201E-01   2.9600333076E-04   9.6880495294E-05   1.1753081892E-03
    29     -2.1115307390E-01   3.7103685956E-04   8.9500713552E-05  -7.8395203328E-05
    30     -1.1152475655E-02  -7.6847289089E-04  -7.2009624563E-04   2.6729079253E-03
    31      6.8207423252E-03  -6.3097247806E-04  -5.6639664256E-05  -1.2515823286E-03
    32     -2.0551401125E-03  -2.4558496264E-04  -1.7445411741E-04   2.7307199912E-03
    33      9.4861377417E-02  -2.8269672571E-04  -1.9537893096E-05  -2.1783349751E-04
    34     -2.1314257589E-01   7.3514648420E-05  -8.3919823140E-05  -1.0227931365E-04
    35      2.1626582574E-01  -2.2997084368E-04  -2.4950658510E-05  -1.3938152896E-04
    36     -2.2997084368E-04   4.3951991117E-01  -2.2734724202E-02  -1.1841443888E-01
    37     -2.4950658510E-05  -2.2734724202E-02   5.6852754696E-03   6.8830588051E-03
    38     -1.3938152896E-04  -1.1841443888E-01   6.8830588051E-03   5.1033070945E-02

$vibrational_frequencies
39
    0        0.000000
    1        0.000000
    2        0.000000
    3        0.000000
    4        0.000000
    5        0.000000
    6       46.320891
    7       47.144515
    8       54.469204
    9       88.970842
   10       97.094175
   11      144.266325
   12      165.597537
   13      197.007423
   14      245.524893
   15      263.522100
   16      265.805309
   17      285.360941
   18      314.208780
   19      328.795851
   20      370.201498
   21      374.242420
   22      400.011259
   23      430.725123
   24      432.534356
   25      446.092993
   26      459.535693
   27      696.530690
   28      714.654349
   29      716.037767
   30      724.897309
   31      727.778384
   32      744.250815
   33      759.815378
   34      765.691679
   35      835.375311
   36      842.255766
   37     3630.085440
   38     3632.709807

$normal_modes
39 39
                    0                  1                  2                  3                  4        
    0      0.0000000000E+00   0.0000000000E+00   0.0000000000E+00   0.0000000000E+00   0.0000000000E+00
    1      0.0000000000E+00   0.0000000000E+00   0.0000000000E+00   0.0000000000E+00   0.0000000000E+00
    2      0.0000000000E+00   0.0000000000E+00   0.0000000000E+00   0.0000000000E+00   0.0000000000E+00
    3      0.0000000000E+00   0.0000000000E+00   0.0000000000E+00   0.0000000000E+00   0.0000000000E+00
    4      0.0000000000E+00   0.0000000000E+00   0.0000000000E+00   0.0000000000E+00   0.0000000000E+00
    5      0.0000000000E+00   0.0000000000E+00   0.0000000000E+00   0.0000000000E+00   0.0000000000E+00
    6      0.0000000000E+00   0.0000000000E+00   0.0000000000E+00   0.0000000000E+00   0.0000000000E+00
    7      0.0000000000E+00   0.0000000000E+00   0.0000000000E+00   0.0000000000E+00   0.0000000000E+00
    8      0.0000000000E+00   0.0000000000E+00   0.0000000000E+00   0.0000000000E+00   0.0000000000E+00
    9      0.0000000000E+00   0.0000000000E+00   0.0000000000E+00   0.0000000000E+00   0.0000000000E+00
   10      0.0000000000E+00   0.0000000000E+00   0.0000000000E+00   0.0000000000E+00   0.0000000000E+00
   11      0.0000000000E+00   0.0000000000E+00   0.0000000000E+00   0.0000000000E+00   0.0000000000E+00
   12      0.0000000000E+00   0.0000000000E+00   0.0000000000E+00   0.0000000000E+00   0.0000000000E+00
   13      0.0000000000E+00   0.0000000000E+00   0.0000000000E+00   0.0000000000E+00   0.0000000000E+00
   14      0.0000000000E+00   0.0000000000E+00   0.0000000000E+00   0.0000000000E+00   0.0000000000E+00
   15      0.0000000000E+00   0.0000000000E+00   0.0000000000E+00   0.0000000000E+00   0.0000000000E+00
   16      0.0000000000E+00   0.0000000000E+00   0.0000000000E+00   0.0000000000E+00   0.0000000000E+00
   17      0.0000000000E+00   0.0000000000E+00   0.0000000000E+00   0.0000000000E+00   0.0000000000E+00
   18      0.0000000000E+00   0.0000000000E+00   0.0000000000E+00   0.0000000000E+00   0.0000000000E+00
   19      0.0000000000E+00   0.0000000000E+00   0.0000000000E+00   0.0000000000E+00   0.0000000000E+00
   20      0.0000000000E+00   0.0000000000E+00   0.0000000000E+00   0.0000000000E+00   0.0000000000E+00
   21      0.0000000000E+00   0.0000000000E+00   0.0000000000E+00   0.0000000000E+00   0.0000000000E+00
   22      0.0000000000E+00   0.0000000000E+00   0.0000000000E+00   0.0000000000E+00   0.0000000000E+00
   23      0.0000000000E+00   0.0000000000E+00   0.0000000000E+00   0.0000000000E+00   0.0000000000E+00
   24      0.0000000000E+00   0.0000000000E+00   0.0000000000E+00   0.0000000000E+00   0.0000000000E+00
   25      0.0000000000E+00   0.0000000000E+00   0.0000000000E+00   0.0000000000E+00   0.0000000000E+00
   26      0.0000000000E+00   0.0000000000E+00   0.0000000000E+00   0.0000000000E+00   0.0000000000E+00
   27      0.0000000000E+00   0.0000000000E+00   0.0000000000E+00   0.0000000000E+00   0.0000000000E+00
   28      0.0000000000E+00   0.0000000000E+00   0.0000000000E+00   0.0000000000E+00   0.0000000000E+00
   29      0.0000000000E+00   0.0000000000E+00   0.0000000000E+00   0.0000000000E+00   0.0000000000E+00
   30      0.0000000000E+00   0.0000000000E+00   0.0000000000E+00   0.0000000000E+00   0.0000000000E+00
   31      0.0000000000E+00   0.0000000000E+00   0.0000000000E+00   0.0000000000E+00   0.0000000000E+00
   32      0.0000000000E+00   0.0000000000E+00   0.0000000000E+00   0.0000000000E+00   0.0000000000E+00
   33      0.0000000000E+00   0.0000000000E+00   0.0000000000E+00   0.0000000000E+00   0.0000000000E+00
   34      0.0000000000E+00   0.0000000000E+00   0.0000000000E+00   0.0000000000E+00   0.0000000000E+00
   35      0.0000000000E+00   0.0000000000E+00   0.0000000000E+00   0.0000000000E+00   0.0000000000E+00
   36      0.0000000000E+00   0.0000000000E+00   0.0000000000E+00   0.0000000000E+00   0.0000000000E+00
   37      0.0000000000E+00   0.0000000000E+00   0.0000000000E+00   0.0000000000E+00   0.0000000000E+00
   38      0.0000000000E+00   0.0000000000E+00   0.0000000000E+00   0.0000000000E+00   0.0000000000E+00
                    5                  6                  7                  8                  9        
    0      0.0000000000E+00   7.5143360715E-03  -1.3372665334E-02   4.9686595179E-03   3.4426029430E-02
    1      0.0000000000E+00   1.6010215325E-01  -1.4573703662E-01  -2.0500443302E-02   1.0774703204E-01
    2      0.0000000000E+00   5.2880882497E-02   1.0529326434E-01   1.2390585583E-02  -2.2346282599E-02
    3      0.0000000000E+00   4.5783811409E-02  -1.7053498515E-01   5.5647757764E-03   2.3630808381E-02
    4      0.0000000000E+00  -9.6507613825E-02   1.7941560305E-01  -6.2252129800E-02   5.8531980170E-03
    5      0.0000000000E+00  -6.5573269830E-02   1.6631452016E-01  -2.5275154418E-02  -1.2537785782E-01
    6      0.0000000000E+00  -1.3690939417E-01   7.2963670331E-02   1.5906296448E-02   3.8286405439E-02
    7      0.0000000000E+00  -1.1307729110E-01   1.0296258473E-01  -9.5468871855E-02   3.0785681654E-03
    8      0.0000000000E+00   1.6101222343E-01  -2.3125274483E-02   9.7219589629E-02   1.1796277876E-01
    9      0.0000000000E+00   3.5288997139E-02  -1.4394748587E-01  -2.1364910970E-02   3.7274736184E-02
   10      0.0000000000E+00  -1.1068368226E-02   5.6134756518E-02  -9.0522918350E-02  -7.1356825424E-02
   11      0.0000000000E+00  -5.8682351837E-02   1.1875661795E-01  -7.2724055865E-02  -8.5641345305E-03
   12      0.0000000000E+00  -1.6545545880E-01   1.5618777307E-02  -7.7425357926E-02  -9.6166043414E-02
   13      0.0000000000E+00  -2.3962128259E-02   4.0712332264E-02  -9.1686828357E-02  -7.1565676169E-02
   14      0.0000000000E+00   1.1618323582E-01  -1.5508855892E-01   8.9772193482E-02   8.0496545542E-02
   15      0.0000000000E+00  -2.2680462955E-02   4.9089577610E-02   1.4803825988E-02  -1.1780009329E-02
   16      0.0000000000E+00   1.8933257896E-01  -2.5896942328E-01   6.4029588139E-03   2.2779838225E-02
   17      0.0000000000E+00   3.1075281852E-02   4.2802333959E-03   1.6605744335E-02   2.5412241978E-02
   18      0.0000000000E+00   2.1708827656E-01   2.8460385995E-01   5.0429669317E-02  -8.7873661355E-02
   19      0.0000000000E+00  -2.0479055767E-02  -1.8813520562E-01   3.5429080196E-01  -2.3405174438E-01
