
$orca_opt_file

$trust
    0.300000000000

$epredict
    0.000000000000

$ediffsc
  1000.000000000000

$ctyp
  3

$coordinates
 6 12
 -12.16644946   4.42641297   0.07199528 -10.24397862   4.43694964  -0.03777423
 -12.75528519   2.99092931  -1.06849305 -12.75529072   6.05258005  -0.77470483

 -12.14185716   4.43334328  -0.00022807 -10.24521286   4.43443255  -0.01154418
 -12.76696408   2.97997202  -1.04633602 -12.76696989   6.05912411  -0.75086856

 -12.10672893   4.44319085  -0.10284938 -10.23222398   4.43035258   0.03097776
 -12.79102290   2.95222443  -1.01867236 -12.79102819   6.08110410  -0.71843285

 -12.08948734   4.44762425  -0.14905287 -10.22395719   4.42839271   0.05139942
 -12.80377680   2.93986952  -1.00684819 -12.80378267   6.09098549  -0.70447520

 -12.07862172   4.45028785  -0.17680936 -10.22016749   4.42724200   0.06339308
 -12.81110461   2.93423468  -0.99943497 -12.81111017   6.09510744  -0.69612559

 -12.07450620   4.45127393  -0.18708651 -10.21855038   4.42680625   0.06793302
 -12.81397081   2.93215473  -0.99673949 -12.81397661   6.09663706  -0.69308385


# redundant internal coordinates
#  nbonds nangles ndihedrals nimpropers ncartesians
# bond  definitions A B
# angle definitions A B C
# dihedral definitions A B C D
# improper torsion definitions A B C D
# cartesian definitions A x/y/z
$redundant_internals
 3 3 0 1 0
   1   0   0
   2   0   0
   3   0   0
   1   0   3   0   0
   2   0   3   0   0
   1   0   2   0   0
   1   3   2   0   0
$energies
 6
 -56.1600316092318579
 -56.1632004531905551
 -56.1651500582709104
 -56.1654519247414754
 -56.1655150247690216
 -56.1655211208518566

$gradients
 6 12
  -0.0143148272354612  -0.0038671983647309   0.0403030201884365   0.0116251361535378
   0.0010576810636719  -0.0110222805938280   0.0013447712013560  -0.0048618052303437
  -0.0152416099483685   0.0013449198770403   0.0076713225319220  -0.0140391296462585

  -0.0076159409072152  -0.0019591033974054   0.0204143014813352   0.0026018629234557
   0.0006581054377430  -0.0068583825218866   0.0025070871714287   0.0002485178791098
  -0.0068164762221989   0.0025069908116532   0.0010524800794787  -0.0067394427372549

  -0.0028933363753968  -0.0004971998313567   0.0051843603326625  -0.0006151766675160
   0.0002368882092119  -0.0024685084481448   0.0017541790805954   0.0010551967584482
  -0.0012692355947150   0.0017543339629111  -0.0007948851365689  -0.0014466162898030

  -0.0014142261551459  -0.0001864557978592   0.0019413971470632  -0.0000411760295043
   0.0000901319120428  -0.0009393632764013   0.0007277428838033   0.0002018101611323
  -0.0004862348020453   0.0007276592990897  -0.0001054862739469  -0.0005157990686498

  -0.0004230794870911  -0.0000439744561628   0.0004596258899794  -0.0001233205742879
   0.0000271496829495  -0.0002828701223680   0.0002731642268999   0.0001223598974966
  -0.0000774734854936   0.0002732358315685  -0.0001055351254098  -0.0000992822821292

  -0.0000946050125548  -0.0000085288888672   0.0000880909556460   0.0000130932540623
   0.0000042638374640  -0.0000444737437766   0.0000407763598864  -0.0000045574711869
  -0.0000224335968089   0.0000407353995443   0.0000088225225672  -0.0000211836150821


$redundant_coords
 6 7
   1.9256309298289873   1.9256309296316061   1.9256309314708246   1.8500140966063299
   1.8500140966700289   1.8500140973510697  -1.0951155782190036
   1.8966783691302451   1.8966782869543797   1.8966787681674522   1.9036309208054687
   1.9070149028982240   1.9036308501351515  -0.9710196430911180
   1.8793199118724555   1.8788216600110625   1.8788209889458047   1.9742219546407946
   1.9817131392310789   1.9742220667602712  -0.7721596362263966
   1.8763671523121750   1.8759921565501041   1.8759925279422205   2.0033209531321283
   2.0083181275609094   2.0033209247263186  -0.6747543274313587
   1.8740545401434383   1.8739427151787325   1.8739424164511744   2.0196585284247788
   2.0215695319299121   2.0196585635439588  -0.6147586387415022
   1.8735542755235151   1.8735178179163086   1.8735179906344512   2.0255263287344745
   2.0259438348796697   2.0255263097595502  -0.5921417330102794

$redundant_gradients
 6 7
   0.0122401801019599   0.0122402147771982   0.0122400120705510  -0.0053290888295793
  -0.0131619632344186  -0.0053290671006021  -0.0140734869796221
   0.0026431132689519   0.0027428918581003   0.0027431364481046  -0.0031469646551618
  -0.0075388408917729  -0.0031469922630748  -0.0098562149007331
  -0.0007910022057437  -0.0008575811818285  -0.0008579472519576  -0.0010664607246879
  -0.0014209493071498  -0.0010664242764211  -0.0036791808258891
  -0.0001422141020416  -0.0002169568605140  -0.0002167543339725  -0.0004449061190075
  -0.0002228779505465  -0.0004449202282256  -0.0014235066330020
  -0.0001588840947254  -0.0001717558052948  -0.0001719206617632  -0.0001386648613944
   0.0000032692877863  -0.0001386517337655  -0.0004040548186700
   0.0000068610198096  -0.0000027039256915  -0.0000026087601755  -0.0000267899697650
   0.0000107623184049  -0.0000267973064947  -0.0000686510658003

$hessian_approx
 12 12
                  0          1          2          3          4          5    
      0       0.637536  -0.020228   0.210785  -0.375719  -0.006682   0.069637
      1      -0.020228   0.710551   0.054577   0.006361  -0.140943  -0.016261
      2       0.210785   0.054577   0.147055  -0.066335  -0.016259   0.026932
      3      -0.375719   0.006361  -0.066335   0.412718  -0.001120   0.011676
      4      -0.006682  -0.140943  -0.016259  -0.001120   0.110919   0.008288
      5       0.069637  -0.016261   0.026932   0.011676   0.008288   0.025333
      6      -0.130908  -0.013655  -0.074200  -0.018498  -0.059739  -0.046762
      7      -0.052647  -0.259491  -0.091782  -0.005224   0.014561  -0.005311
      8      -0.146554  -0.207886  -0.112305   0.027083   0.017938  -0.025682
      9      -0.130910   0.027522  -0.070248  -0.018501   0.067541  -0.034551
     10       0.079557  -0.310119   0.053464  -0.000018   0.015462   0.013283
     11      -0.133869   0.169571  -0.061682   0.027580  -0.009968  -0.026583
                  6          7          8          9         10         11    
      0      -0.130908  -0.052647  -0.146554  -0.130910   0.079557  -0.133869
      1      -0.013655  -0.259491  -0.207886   0.027522  -0.310119   0.169571
      2      -0.074200  -0.091782  -0.112305  -0.070248   0.053464  -0.061682
      3      -0.018498  -0.005224   0.027083  -0.018501  -0.000018   0.027580
      4      -0.059739   0.014561   0.017938   0.067541   0.015462  -0.009968
      5      -0.046762  -0.005311  -0.025682  -0.034551   0.013283  -0.026583
      6       0.130862   0.068644   0.088831   0.018543   0.004750   0.032133
      7       0.068644   0.280378   0.146714  -0.010774  -0.035448  -0.049619
      8       0.088831   0.146714   0.140454   0.030643   0.043234  -0.002466
      9       0.018543  -0.010774   0.030643   0.130866  -0.084289   0.074157
     10       0.004750  -0.035448   0.043234  -0.084289   0.330105  -0.109980
     11       0.032133  -0.049619  -0.002466   0.074157  -0.109980   0.090734

$bmatrix
 7 12
                  0          1          2          3          4          5    
      0      -0.990607   0.013059  -0.136115   0.990607  -0.013059   0.136115
      1       0.394693   0.810838   0.432157   0.000000   0.000000   0.000000
      2       0.394696  -0.878221   0.270079   0.000000   0.000000   0.000000
      3       0.509554   0.739777  -0.114548  -0.024001  -0.518360   0.124940
      4      -0.675309   0.057645  -0.600750   0.000000   0.000000   0.000000
      5       0.509557  -0.704493  -0.253136  -0.024003   0.485142   0.221233
      6       0.744897   0.122321  -1.274726  -0.072984  -0.050504   0.526314
                  6          7          8          9         10         11    
      0       0.000000   0.000000   0.000000   0.000000   0.000000   0.000000
      1      -0.394693  -0.810838  -0.432157   0.000000   0.000000   0.000000
      2       0.000000   0.000000   0.000000  -0.394696   0.878221  -0.270079
      3       0.000000   0.000000   0.000000  -0.485553  -0.221416  -0.010392
      4       0.337655  -0.310070   0.273387   0.337654   0.252424   0.327363
      5      -0.485554   0.219351   0.031903   0.000000   0.000000   0.000000
      6      -0.335956  -0.035908   0.374206  -0.335956  -0.035908   0.374206

