
$orca_opt_file

$trust
    0.300000000000

$epredict
    0.000000000000

$ediffsc
  1000.000000000000

$ctyp
  3

$coordinates
 4 12
 -12.16644946   4.42641297   0.07199528 -10.24397862   4.43694964  -0.03777423
 -12.75528519   2.99092931  -1.06849305 -12.75529072   6.05258005  -0.77470483

 -12.16061431   4.42800197   0.05543585 -10.27302864   4.43733652  -0.04180660
 -12.74367780   3.01461948  -1.05582910 -12.74368325   6.02691399  -0.76677698

 -12.15695714   4.42900190   0.04501548 -10.26645044   4.43674110  -0.03560135
 -12.74879547   3.00719765  -1.05441432 -12.74880094   6.03393132  -0.76397665

 -12.15213779   4.43030475   0.03143816 -10.26164676   4.43609050  -0.02882117
 -12.75360698   3.00101945  -1.05157730 -12.75361247   6.03945727  -0.76001653


# redundant internal coordinates
#  nbonds nangles ndihedrals nimpropers ncartesians
# bond  definitions A B
# angle definitions A B C
# dihedral definitions A B C D
# improper torsion definitions A B C D
# cartesian definitions A x/y/z
$redundant_internals
 3 3 0 1 0
   1   0   0
   2   0   0
   3   0   0
   1   0   3   0   0
   2   0   3   0   0
   1   0   2   0   0
   1   3   2   0   0
$energies
 4
 -56.1944634257993059
 -56.1952229688707305
 -56.1953010612604587
 -56.1953321422728607

$gradients
 4 12
  -0.0068009459157852  -0.0018373937722926   0.0191479585312151   0.0148390160950331
   0.0001879180418178  -0.0019580780270245  -0.0040190165288472  -0.0106706135960797
  -0.0096980028571731  -0.0040190536539236   0.0123200893270368  -0.0074918776469997

  -0.0010072002411315  -0.0002682167986430   0.0027950620859896  -0.0020028015413649
   0.0001687449723785  -0.0017585785489360   0.0015049982275610   0.0021743407374635
  -0.0003143677365449   0.0015050035543173  -0.0020748689109897  -0.0007221158005029

  -0.0008430915061718  -0.0002192615033346   0.0022849826886908  -0.0002679512940928
   0.0000924227040142  -0.0009631666836515   0.0005555200708456   0.0005420369427478
  -0.0006149813845708   0.0005555227268573  -0.0004151981431182  -0.0007068346204635

  -0.0001197624985184  -0.0000221209142261   0.0002305057804244   0.0000846315618679
   0.0000068032175733  -0.0000708953548422   0.0000175660995330  -0.0000520864572793
  -0.0000855374997359   0.0000175648337998   0.0000674041536040  -0.0000740729258883


$redundant_coords
 4 7
   1.9256309298289873   1.9256309296316061   1.9256309314708246   1.8500140966063299
   1.8500140966700289   1.8500140973510697  -1.0951155782190036
   1.8901118723714321   1.8901118740759950   1.8901118929031682   1.8561673656728661
   1.8563127296148076   1.8561673701238761  -1.0818128979624351
   1.8922406100906819   1.8922330242663308   1.8922330230690958   1.8658645984869704
   1.8661414334982198   1.8658646020527025  -1.0604897761138761
   1.8914600238319605   1.8914397012646600   1.8914397062396262   1.8774835794911142
   1.8777602856106645   1.8774835800382503  -1.0343333347446011

$redundant_gradients
 4 7
   0.0149273123008321   0.0149273115196271   0.0149273043270881  -0.0005714637406424
  -0.0014114185700528  -0.0005714648582454  -0.0015091699394863
  -0.0019088160542157  -0.0019053574872152  -0.0019053479041026  -0.0009319553594231
  -0.0022861878663553  -0.0009319549992590  -0.0025026490599687
  -0.0002262931338987  -0.0002237142803541  -0.0002237159948789  -0.0004832096903373
  -0.0011550778964776  -0.0004832091988568  -0.0013261884687086
   0.0000868676482978   0.0000827514632997   0.0000827539423731  -0.0000387159315006
  -0.0000383725218293  -0.0000387159999644  -0.0000882820892156

$hessian_approx
 12 12
                  0          1          2          3          4          5    
      0       0.666676  -0.013432   0.139966  -0.416687  -0.008090   0.084304
      1      -0.013432   0.712153   0.037891  -0.002892  -0.141274  -0.012806
      2       0.139966   0.037891   0.320920   0.030132  -0.012807  -0.009037
      3      -0.416687  -0.002892   0.030132   0.462391   0.000881  -0.009183
      4      -0.008090  -0.141274  -0.012807   0.000881   0.110989   0.007557
      5       0.084304  -0.012806  -0.009037  -0.009183   0.007557   0.032960
      6      -0.124995  -0.012428  -0.087024  -0.022851  -0.060036  -0.043667
      7      -0.024747  -0.253289  -0.156446  -0.038551   0.013220   0.008669
      8      -0.115542  -0.200615  -0.188093  -0.014270   0.016438  -0.010038
      9      -0.124994   0.028750  -0.083074  -0.022851   0.067244  -0.031454
     10       0.046269  -0.317591   0.131362   0.040560   0.017065  -0.003420
     11      -0.108728   0.175531  -0.123790  -0.006678  -0.011187  -0.013884
                  6          7          8          9         10         11    
      0      -0.124995  -0.024747  -0.115542  -0.124994   0.046269  -0.108728
      1      -0.012428  -0.253289  -0.200615   0.028750  -0.317591   0.175531
      2      -0.087024  -0.156446  -0.188093  -0.083074   0.131362  -0.123790
      3      -0.022851  -0.038551  -0.014270  -0.022851   0.040560  -0.006678
      4      -0.060036   0.013220   0.016438   0.067244   0.017065  -0.011187
      5      -0.043667   0.008669  -0.010038  -0.031454  -0.003420  -0.013884
      6       0.130084   0.071358   0.094000   0.017763   0.001105   0.036691
      7       0.071358   0.302911   0.174452  -0.008062  -0.062842  -0.026675
      8       0.094000   0.174452   0.173465   0.035811   0.009725   0.024666
      9       0.017763  -0.008062   0.035811   0.130084  -0.087932   0.078715
     10       0.001105  -0.062842   0.009725  -0.087932   0.363368  -0.137668
     11       0.036691  -0.026675   0.024666   0.078715  -0.137668   0.113008

$bmatrix
 7 12
                  0          1          2          3          4          5    
      0      -0.999488  -0.003059   0.031859   0.999488   0.003059  -0.031859
      1       0.317995   0.755660   0.572588   0.000000   0.000000   0.000000
      2       0.317998  -0.850755   0.418440   0.000000   0.000000   0.000000
      3       0.492037   0.616451  -0.325114   0.009012  -0.472315   0.237388
      4      -0.459322   0.068679  -0.715732   0.000000   0.000000   0.000000
      5       0.492039  -0.543375  -0.436408   0.009011   0.418553   0.322873
      6       0.737357   0.096501  -1.005648   0.016921  -0.050474   0.526005
                  6          7          8          9         10         11    
      0       0.000000   0.000000   0.000000   0.000000   0.000000   0.000000
      1      -0.317995  -0.755660  -0.572588   0.000000   0.000000   0.000000
      2       0.000000   0.000000   0.000000  -0.317998   0.850755  -0.418440
      3       0.000000   0.000000   0.000000  -0.501049  -0.144136   0.087726
      4       0.229662  -0.345209   0.328036   0.229661   0.276530   0.387696
      5      -0.501050   0.124822   0.113535   0.000000   0.000000   0.000000
      6      -0.377139  -0.023013   0.239821  -0.377139  -0.023013   0.239821

