
$orca_hessian_file

$act_atom
  2

$act_coord
  2

$act_energy
     -341.264717

$hessian
9
                    0                  1                  2                  3                  4        
    0      1.9130268169E-01   4.7324995053E-03   9.4414697693E-03  -1.7206852730E-01  -1.9597022807E-02
    1      4.7324995053E-03   4.2093043705E-02   8.1566703036E-02  -1.0038670552E-02  -4.1158754766E-03
    2      9.4414697693E-03   8.1566703036E-02   1.5811220634E-01  -1.9890685914E-02  -9.7358028667E-03
    3     -1.7206852730E-01  -1.0038670552E-02  -1.9890685914E-02   1.7855547020E-01   1.0840331219E-02
    4     -1.9597022807E-02  -4.1158754766E-03  -9.7358028667E-03   1.0840331219E-02   3.9877201002E-03
    5     -3.7915119441E-02  -9.7313743136E-03  -1.7958464492E-02   2.1060946900E-02   9.7924178601E-03
    6     -1.9234989078E-02   5.3492201707E-03   1.0530295366E-02  -6.5166232446E-03   8.7544060002E-03
    7      1.4633149014E-02  -3.8059832772E-02  -7.1927771889E-02  -5.6746545523E-04   1.9819379740E-04
    8      2.8407551803E-02  -7.1844691309E-02  -1.4017968916E-01  -1.1043481567E-03  -5.8922021089E-05
                    5                  6                  7                  8        
     0     -3.7915119441E-02  -1.9234989078E-02   1.4633149014E-02   2.8407551803E-02
     1     -9.7313743136E-03   5.3492201707E-03  -3.8059832772E-02  -7.1844691309E-02
     2     -1.7958464492E-02   1.0530295366E-02  -7.1927771889E-02  -1.4017968916E-01
     3      2.1060946900E-02  -6.5166232446E-03  -5.6746545523E-04  -1.1043481567E-03
     4      9.7924178601E-03   8.7544060002E-03   1.9819379740E-04  -5.8922021089E-05
     5      1.7752273772E-02   1.6849117625E-02  -4.0622847079E-05   2.5154264765E-04
     6      1.6849117625E-02   2.5782125983E-02  -1.4106447097E-02  -2.7379227955E-02
     7     -4.0622847079E-05  -1.4106447097E-02   3.7874265102E-02   7.1980064348E-02
     8      2.5154264765E-04  -2.7379227955E-02   7.1980064348E-02   1.3990874200E-01

$vibrational_frequencies
9
    0        0.000000
    1        0.000000
    2        0.000000
    3        0.000000
    4        0.000000
    5        0.000000
    6     1026.846580
    7     2216.740562
    8     2227.847775

$normal_modes
9 9
                    0                  1                  2                  3                  4        
    0      0.0000000000E+00   0.0000000000E+00   0.0000000000E+00   0.0000000000E+00   0.0000000000E+00
    1      0.0000000000E+00   0.0000000000E+00   0.0000000000E+00   0.0000000000E+00   0.0000000000E+00
    2      0.0000000000E+00   0.0000000000E+00   0.0000000000E+00   0.0000000000E+00   0.0000000000E+00
    3      0.0000000000E+00   0.0000000000E+00   0.0000000000E+00   0.0000000000E+00   0.0000000000E+00
    4      0.0000000000E+00   0.0000000000E+00   0.0000000000E+00   0.0000000000E+00   0.0000000000E+00
    5      0.0000000000E+00   0.0000000000E+00   0.0000000000E+00   0.0000000000E+00   0.0000000000E+00
    6      0.0000000000E+00   0.0000000000E+00   0.0000000000E+00   0.0000000000E+00   0.0000000000E+00
    7      0.0000000000E+00   0.0000000000E+00   0.0000000000E+00   0.0000000000E+00   0.0000000000E+00
    8      0.0000000000E+00   0.0000000000E+00   0.0000000000E+00   0.0000000000E+00   0.0000000000E+00
                    5                  6                  7                  8        
     0      0.0000000000E+00  -1.8964603591E-02   2.5388586401E-02  -1.9730632767E-02
     1      0.0000000000E+00  -1.2310195172E-02   8.4657140225E-03   1.1896131134E-02
     2      0.0000000000E+00  -2.3743242668E-02   1.6328214100E-02   2.2944618211E-02
     3      0.0000000000E+00  -1.1324695023E-01  -8.8210489803E-01   4.4531824462E-01
     4      0.0000000000E+00   3.2094004808E-01  -5.6705466605E-02   3.7819332415E-02
     5      0.0000000000E+00   6.1901191140E-01  -1.0937045557E-01   7.2943895242E-02
     6      0.0000000000E+00   6.9599460064E-01   1.0195998218E-01   1.6096808409E-01
     7      0.0000000000E+00   5.7329778573E-02  -2.0343047202E-01  -4.0336572702E-01
     8      0.0000000000E+00   1.1057459494E-01  -3.9236575826E-01  -7.7799012983E-01

#
# The atoms: label  mass x y z (in bohrs)
#
$atoms
3
 P     30.97400     -2.749999176380     0.938789603650    -0.212072276527
 H      1.00800     -0.055732661102     1.146508229514     0.188564242345
 H      1.00800     -3.220521858788     2.176222428346     2.174621632889

$actual_temperature
  0.000000

$frequency_scale_factor
  1.000000

$dipole_derivatives
9
    5.1783138166E-01    3.4441384728E-02    5.8959702725E-02
   -3.1791687247E-03    5.5449186980E-02    2.3210410351E-01
    4.9471589826E-02    2.2916958553E-01    4.1833384706E-01
   -4.5819344596E-01   -2.9041461338E-02   -5.8548243574E-02
   -6.1376413449E-02    3.7532431695E-02   -4.3527658658E-02
   -1.1926595951E-01   -4.3877361661E-02   -3.1163651271E-02
   -4.8911730291E-02   -5.3447436307E-03   -1.6317494541E-03
    3.9301408957E-02   -9.9140758058E-02   -1.9129481262E-01
    7.7554743237E-02   -1.8837791976E-01   -3.8946816148E-01

#
# The IR spectrum
#  wavenumber T**2 TX TY  TY
#
$ir_spectrum
9
      0.00       0.0000       0.0000       0.0000       0.0000
      0.00       0.0000       0.0000       0.0000       0.0000
      0.00       0.0000       0.0000       0.0000       0.0000
      0.00       0.0000       0.0000       0.0000       0.0000
      0.00       0.0000       0.0000       0.0000       0.0000
      0.00       0.0000       0.0000       0.0000       0.0000
   1026.85      16.2054      -2.3207      -1.4951      -2.9299
   2216.74     222.1754      11.9925       3.8904       7.9511
   2227.85     240.4812      -9.4390       5.3958      11.0577

$job_list
9
    0    1    1    1
    1    1    1    1
    2    1    1    1


$end

