
$orca_hessian_file

$act_atom
  0

$act_coord
  0

$act_energy
      -93.263358

$hessian
9
                    0                  1                  2                  3                  4        
    0      3.6433602721E-01  -2.0208824312E-02   2.0505605875E-01   2.7546175806E-02  -7.0010404770E-04
    1     -2.0208824312E-02  -4.3849527509E-02  -1.0064306129E-02  -6.5152178767E-04   1.4649560724E-02
    2      2.0505605875E-01  -1.0064306129E-02   1.0936303880E+00  -2.7150606263E-01   1.3348375900E-02
    3      2.7546175806E-02  -6.5152178767E-04  -2.7150606263E-01   3.1725127247E-02  -2.7343405619E-03
    4     -7.0010404770E-04   1.4649560724E-02   1.3348375900E-02  -2.7343405619E-03  -2.3058521383E-02
    5     -3.0468948771E-01   1.4873319157E-02  -1.1655076958E+00   2.9679778708E-01  -1.4446463158E-02
    6     -3.9149657347E-01   2.0867323839E-02   6.6557346336E-02  -5.9761686897E-02   3.4124540948E-03
    7      2.0979448606E-02   2.9259450259E-02  -3.2736966112E-03   3.3665368926E-03   8.1481127951E-03
    8      9.9237348350E-02  -4.9209568723E-03   7.2032734685E-02  -2.4848670216E-02   1.2036049639E-03
                    5                  6                  7                  8        
     0     -3.0468948771E-01  -3.9149657347E-01   2.0979448606E-02   9.9237348350E-02
     1      1.4873319157E-02   2.0867323839E-02   2.9259450259E-02  -4.9209568723E-03
     2     -1.1655076958E+00   6.6557346336E-02  -3.2736966112E-03   7.2032734685E-02
     3      2.9679778708E-01  -5.9761686897E-02   3.3665368926E-03  -2.4848670216E-02
     4     -1.4446463158E-02   3.4124540948E-03   8.1481127951E-03   1.2036049639E-03
     5      1.1788254491E+00   7.8738500066E-03  -4.0426105758E-04  -1.3345138502E-02
     6      7.8738500066E-03   4.5136155159E-01  -2.4331314777E-02  -7.4476330657E-02
     7     -4.0426105758E-04  -2.4331314777E-02  -3.7204370033E-02   3.6821207235E-03
     8     -1.3345138502E-02  -7.4476330657E-02   3.6821207235E-03  -5.8817433718E-02

$vibrational_frequencies
9
    0        0.000000
    1        0.000000
    2        0.000000
    3        0.000000
    4        0.000000
    5        0.000000
    6    -1390.962114
    7     2235.146919
    8     3596.982054

$normal_modes
9 9
                    0                  1                  2                  3                  4        
    0      0.0000000000E+00   0.0000000000E+00   0.0000000000E+00   0.0000000000E+00   0.0000000000E+00
    1      0.0000000000E+00   0.0000000000E+00   0.0000000000E+00   0.0000000000E+00   0.0000000000E+00
    2      0.0000000000E+00   0.0000000000E+00   0.0000000000E+00   0.0000000000E+00   0.0000000000E+00
    3      0.0000000000E+00   0.0000000000E+00   0.0000000000E+00   0.0000000000E+00   0.0000000000E+00
    4      0.0000000000E+00   0.0000000000E+00   0.0000000000E+00   0.0000000000E+00   0.0000000000E+00
    5      0.0000000000E+00   0.0000000000E+00   0.0000000000E+00   0.0000000000E+00   0.0000000000E+00
    6      0.0000000000E+00   0.0000000000E+00   0.0000000000E+00   0.0000000000E+00   0.0000000000E+00
    7      0.0000000000E+00   0.0000000000E+00   0.0000000000E+00   0.0000000000E+00   0.0000000000E+00
    8      0.0000000000E+00   0.0000000000E+00   0.0000000000E+00   0.0000000000E+00   0.0000000000E+00
                    5                  6                  7                  8        
     0      0.0000000000E+00  -7.4985921632E-02   1.5754074354E-01   7.2355003412E-02
     1      0.0000000000E+00   3.7151558858E-03  -7.7890164253E-03  -3.5860626805E-03
     2      0.0000000000E+00  -4.0526708635E-02   6.9630479663E-01  -7.9626895135E-03
     3      0.0000000000E+00   5.7674785492E-02  -1.4398730695E-01   8.8808884118E-03
     4      0.0000000000E+00  -2.8592841042E-03   7.1194437855E-03  -4.4022416073E-04
     5      0.0000000000E+00  -3.6473061017E-02  -6.1664745519E-01  -3.5682972640E-03
     6      0.0000000000E+00   9.2068635248E-02   1.2361938274E-01  -9.8556602179E-01
     7      0.0000000000E+00  -4.5364532701E-03  -6.1192190670E-03   4.8847637574E-02
     8      0.0000000000E+00   9.8972664988E-01   2.7188888148E-01   1.4446528127E-01

#
# The atoms: label  mass x y z (in bohrs)
#
$atoms
3
 C     12.01100     -1.911061141973     1.815945556475     0.000001889726
 N     14.00700     -2.468144847349     1.843497763507    -2.114369217817
 H      1.00800     -3.908463871005     1.914935080548     0.000005669178

$actual_temperature
  0.000000

$frequency_scale_factor
  1.000000

$dipole_derivatives
9
   -2.3099410140E-01    4.5168983051E-03   -5.3417884103E-02
    4.3302434647E-03   -1.4064784187E-01    1.9933749588E-03
    1.5593809882E-01   -7.7270569770E-03   -2.7252002406E-01
   -1.2211615778E-01    2.0242892542E-03    1.6938145169E-01
    2.5422920522E-03   -8.3890974135E-02   -7.7134090996E-03
   -1.6191105357E-01    8.0216497271E-03   -1.4867199355E-01
    3.4919731619E-01   -6.2704768411E-03   -1.1642737569E-01
   -4.6912961181E-03    2.2705798160E-01    4.4066151315E-03
    5.2316261964E-03   -2.5832326184E-04    4.2154593937E-01

#
# The IR spectrum
#  wavenumber eps Int TX TY TZ
#
$ir_spectrum
9
      0.00   0.00000000   0.00000000     0.000000     0.000000     0.000000
      0.00   0.00000000   0.00000000     0.000000     0.000000     0.000000
      0.00   0.00000000   0.00000000     0.000000     0.000000     0.000000
      0.00   0.00000000   0.00000000     0.000000     0.000000     0.000000
      0.00   0.00000000   0.00000000     0.000000     0.000000     0.000000
      0.00   0.00000000   0.00000000     0.000000     0.000000     0.000000
  -1390.96   0.00000000   0.00000000     0.000000     0.000000     0.000000
   2235.15   0.00091223   4.61002746     0.011176    -0.000556    -0.001468
   3596.98   0.02936132 148.38008446    -0.045337     0.002273     0.022060


$end

