
$orca_hessian_file

$act_atom
  0

$act_coord
  0

$act_energy
      -93.312277

$hessian
9
                    0                  1                  2                  3                  4        
    0      9.8499380136E-01  -4.7520390286E-02  -6.2866267567E-01  -6.3861854980E-01   3.1866088826E-02
    1     -4.7520390286E-02   2.6302137634E-02   3.1055879344E-02   3.1985997898E-02   6.8722294197E-03
    2     -6.2866267567E-01   3.1055879344E-02   5.7960255695E-01   5.9757084586E-01  -2.9509842383E-02
    3     -6.3861854980E-01   3.1985997898E-02   5.9757084586E-01   6.3840241646E-01  -3.2336775176E-02
    4      3.1866088826E-02   6.8722294197E-03  -2.9509842383E-02  -3.2336775176E-02  -1.3522127732E-02
    5      6.3756830459E-01  -3.1594716355E-02  -5.6739018353E-01  -6.2310928647E-01   3.0887316650E-02
    6     -3.4596050025E-01   1.5562232964E-02   3.1394283841E-02  -2.0358640136E-04   4.0915194849E-04
    7      1.5643353418E-02  -3.3112129887E-02  -1.6230934850E-03   2.7887863078E-04   6.6211994797E-03
    8     -8.3820789700E-03   4.0914653609E-04  -1.2045800088E-02   2.5032549000E-02  -1.2371019081E-03
                    5                  6                  7                  8        
     0      6.3756830459E-01  -3.4596050025E-01   1.5643353418E-02  -8.3820789700E-03
     1     -3.1594716355E-02   1.5562232964E-02  -3.3112129887E-02   4.0914653609E-04
     2     -5.6739018353E-01   3.1394283841E-02  -1.6230934850E-03  -1.2045800088E-02
     3     -6.2310928647E-01  -2.0358640136E-04   2.7887863078E-04   2.5032549000E-02
     4      3.0887316650E-02   4.0915194849E-04   6.6211994797E-03  -1.2371019081E-03
     5      5.8300932961E-01  -1.4733970698E-02   7.9096696989E-04  -1.5784947757E-02
     6     -1.4733970698E-02   3.4617673865E-01  -1.5879872327E-02  -1.6675044110E-02
     7      7.9096696989E-04  -1.5879872327E-02   2.6461733645E-02   8.2810540437E-04
     8     -1.5784947757E-02  -1.6675044110E-02   8.2810540437E-04   2.7830483305E-02

$vibrational_frequencies
9
    0        0.000000
    1        0.000000
    2        0.000000
    3        0.000000
    4        0.000000
    5        0.000000
    6      837.271736
    7     2190.338047
    8     3158.235956

$normal_modes
9 9
                    0                  1                  2                  3                  4        
    0      0.0000000000E+00   0.0000000000E+00   0.0000000000E+00   0.0000000000E+00   0.0000000000E+00
    1      0.0000000000E+00   0.0000000000E+00   0.0000000000E+00   0.0000000000E+00   0.0000000000E+00
    2      0.0000000000E+00   0.0000000000E+00   0.0000000000E+00   0.0000000000E+00   0.0000000000E+00
    3      0.0000000000E+00   0.0000000000E+00   0.0000000000E+00   0.0000000000E+00   0.0000000000E+00
    4      0.0000000000E+00   0.0000000000E+00   0.0000000000E+00   0.0000000000E+00   0.0000000000E+00
    5      0.0000000000E+00   0.0000000000E+00   0.0000000000E+00   0.0000000000E+00   0.0000000000E+00
    6      0.0000000000E+00   0.0000000000E+00   0.0000000000E+00   0.0000000000E+00   0.0000000000E+00
    7      0.0000000000E+00   0.0000000000E+00   0.0000000000E+00   0.0000000000E+00   0.0000000000E+00
    8      0.0000000000E+00   0.0000000000E+00   0.0000000000E+00   0.0000000000E+00   0.0000000000E+00
                    5                  6                  7                  8        
     0      0.0000000000E+00  -5.4132633423E-02   2.9128392091E-01   9.0012484772E-02
     1      0.0000000000E+00   2.6947275834E-03  -1.4401522163E-02  -4.4581770867E-03
     2      0.0000000000E+00  -1.0969905605E-01  -3.1412657858E-01  -2.5334963523E-02
     3      0.0000000000E+00   6.2399193135E-02  -3.9788724311E-01  -2.1636331128E-02
     4      0.0000000000E+00  -3.0973441298E-03   1.9677402089E-02   1.0694263161E-03
     5      0.0000000000E+00   4.4890296559E-02   3.8095454374E-01   2.6148099369E-02
     6      0.0000000000E+00   8.6895710441E-03   6.9346210005E-01  -9.9298700498E-01
     7      0.0000000000E+00  -5.3854059202E-04  -3.4348368601E-02   4.9207149773E-02
     8      0.0000000000E+00   9.8946163306E-01  -1.7427980033E-01   4.0478187050E-02

#
# The atoms: label  mass x y z (in bohrs)
#
$atoms
3
 N     14.00700     -1.911061141973     1.815945556475     0.000001889726
 C     12.01100     -0.369687123579     1.739725342589    -1.549199374315
 H      1.00800     -3.908463871005     1.914935080548     0.000005669178

$actual_temperature
  0.000000

$frequency_scale_factor
  1.000000

$dipole_derivatives
9
   -6.2462587235E-01    2.0527285080E-02    4.8662253969E-01
    2.0812561761E-02   -2.1240720708E-01   -2.4210157217E-02
    6.3679857829E-01   -3.1504222473E-02   -7.5502153865E-01
    2.0565155592E-01   -1.9292635396E-02   -4.9043724620E-01
   -2.1370476505E-02   -1.8370500404E-01    2.7197667901E-02
   -5.2981447733E-01    2.6222383402E-02    3.3800076530E-01
    4.1876623550E-01   -1.2056206880E-03    1.1124951766E-03
   -5.1193134329E-04    3.9237902466E-01   -3.1543398226E-04
   -1.0337861414E-01    5.1024299572E-03    4.1861603833E-01

#
# The IR spectrum
#  wavenumber eps Int TX TY TZ
#
$ir_spectrum
9
      0.00   0.00000000   0.00000000     0.000000     0.000000     0.000000
      0.00   0.00000000   0.00000000     0.000000     0.000000     0.000000
      0.00   0.00000000   0.00000000     0.000000     0.000000     0.000000
      0.00   0.00000000   0.00000000     0.000000     0.000000     0.000000
      0.00   0.00000000   0.00000000     0.000000     0.000000     0.000000
      0.00   0.00000000   0.00000000     0.000000     0.000000     0.000000
    837.27   0.03474906 175.60752649    -0.034656     0.001701     0.108386
   2190.34   0.01509240  76.27078889    -0.022858     0.001136     0.040330
   3158.24   0.04611657 233.05425924    -0.066209     0.003268     0.012746


$end

