
$orca_hessian_file

$act_atom
  0

$act_coord
  0

$act_energy
      -93.312277

$hessian
9
                    0                  1                  2                  3                  4        
    0      9.8499673446E-01  -4.7533049290E-02  -6.2866488917E-01  -6.3861907464E-01   3.1867182422E-02
    1     -4.7533049290E-02   2.6304924018E-02   3.1049056897E-02   3.1986277347E-02   6.8696182722E-03
    2     -6.2866488917E-01   3.1049056897E-02   5.7961328882E-01   5.9757500614E-01  -2.9510252652E-02
    3     -6.3861907464E-01   3.1986277347E-02   5.9757500614E-01   6.3840249144E-01  -3.2333727341E-02
    4      3.1867182422E-02   6.8696182722E-03  -2.9510252652E-02  -3.2333727341E-02  -1.3524778631E-02
    5      6.3757156008E-01  -3.1593659998E-02  -5.6738613250E-01  -6.2311240474E-01   3.0889227179E-02
    6     -3.4595793488E-01   1.5558422051E-02   3.1395861226E-02  -2.0625186396E-04   4.0956073029E-04
    7      1.5644128283E-02  -3.3111704336E-02  -1.6223704807E-03   2.8238444939E-04   6.6199538725E-03
    8     -8.3821844956E-03   4.1110825931E-04  -1.2047173134E-02   2.5033496647E-02  -1.2373764729E-03
                    5                  6                  7                  8        
     0      6.3757156008E-01  -3.4595793488E-01   1.5644128283E-02  -8.3821844956E-03
     1     -3.1593659998E-02   1.5558422051E-02  -3.3111704336E-02   4.1110825931E-04
     2     -5.6738613250E-01   3.1395861226E-02  -1.6223704807E-03  -1.2047173134E-02
     3     -6.2311240474E-01  -2.0625186396E-04   2.8238444939E-04   2.5033496647E-02
     4      3.0889227179E-02   4.0956073029E-04   6.6199538725E-03  -1.2373764729E-03
     5      5.8300772163E-01  -1.4732456083E-02   7.9135272783E-04  -1.5785607679E-02
     6     -1.4732456083E-02   3.4617688212E-01  -1.5880070345E-02  -1.6675127691E-02
     7      7.9135272783E-04  -1.5880070345E-02   2.6461835435E-02   8.2812870167E-04
     8     -1.5785607679E-02  -1.6675127691E-02   8.2812870167E-04   2.7830496537E-02

$vibrational_frequencies
9
    0        0.000000
    1        0.000000
    2        0.000000
    3        0.000000
    4        0.000000
    5        0.000000
    6      837.276371
    7     2190.343751
    8     3158.234577

$normal_modes
9 9
                    0                  1                  2                  3                  4        
    0      0.0000000000E+00   0.0000000000E+00   0.0000000000E+00   0.0000000000E+00   0.0000000000E+00
    1      0.0000000000E+00   0.0000000000E+00   0.0000000000E+00   0.0000000000E+00   0.0000000000E+00
    2      0.0000000000E+00   0.0000000000E+00   0.0000000000E+00   0.0000000000E+00   0.0000000000E+00
    3      0.0000000000E+00   0.0000000000E+00   0.0000000000E+00   0.0000000000E+00   0.0000000000E+00
    4      0.0000000000E+00   0.0000000000E+00   0.0000000000E+00   0.0000000000E+00   0.0000000000E+00
    5      0.0000000000E+00   0.0000000000E+00   0.0000000000E+00   0.0000000000E+00   0.0000000000E+00
    6      0.0000000000E+00   0.0000000000E+00   0.0000000000E+00   0.0000000000E+00   0.0000000000E+00
    7      0.0000000000E+00   0.0000000000E+00   0.0000000000E+00   0.0000000000E+00   0.0000000000E+00
    8      0.0000000000E+00   0.0000000000E+00   0.0000000000E+00   0.0000000000E+00   0.0000000000E+00
                    5                  6                  7                  8        
     0      0.0000000000E+00  -5.4132611590E-02   2.9128577279E-01   9.0012032601E-02
     1      0.0000000000E+00   2.6947265160E-03  -1.4401613823E-02  -4.4581547039E-03
     2      0.0000000000E+00  -1.0969919044E-01  -3.1412766439E-01  -2.5334721917E-02
     3      0.0000000000E+00   6.2399032424E-02  -3.9788907546E-01  -2.1635802452E-02
     4      0.0000000000E+00  -3.0973361825E-03   1.9677492733E-02   1.0694001580E-03
     5      0.0000000000E+00   4.4890455373E-02   3.8095606062E-01   2.6147708893E-02
     6      0.0000000000E+00   8.6911826359E-03   6.9345820023E-01  -9.9298702122E-01
     7      0.0000000000E+00  -5.3862045838E-04  -3.4348175003E-02   4.9207150437E-02
     8      0.0000000000E+00   9.8946160812E-01  -1.7428278672E-01   4.0479482513E-02

#
# The atoms: label  mass x y z (in bohrs)
#
$atoms
3
 N     14.00700     -1.911061141973     1.815945556475     0.000001889726
 C     12.01100     -0.369687123579     1.739725342589    -1.549199374315
 H      1.00800     -3.908463871005     1.914935080548     0.000005669178

$actual_temperature
  0.000000

$frequency_scale_factor
  1.000000

$dipole_derivatives
9
   -6.2462816937E-01    2.0527965862E-02    4.8662608289E-01
    2.0812783366E-02   -2.1240719206E-01   -2.4210311101E-02
    6.3679965077E-01   -3.1504277222E-02   -7.5502238408E-01
    2.0564893306E-01   -1.9291840873E-02   -4.9043341179E-01
   -2.1368040383E-02   -1.8370562552E-01    2.7193816448E-02
   -5.2981467595E-01    2.6222302147E-02    3.3800059807E-01
    4.1876827983E-01   -1.2063253687E-03    1.1091067757E-03
   -5.1178264293E-04    3.9237899462E-01   -3.1555312296E-04
   -1.0338044342E-01    5.1030999868E-03    4.1861939074E-01

#
# The IR spectrum
#  wavenumber eps Int TX TY TZ
#
$ir_spectrum
9
      0.00   0.00000000   0.00000000     0.000000     0.000000     0.000000
      0.00   0.00000000   0.00000000     0.000000     0.000000     0.000000
      0.00   0.00000000   0.00000000     0.000000     0.000000     0.000000
      0.00   0.00000000   0.00000000     0.000000     0.000000     0.000000
      0.00   0.00000000   0.00000000     0.000000     0.000000     0.000000
      0.00   0.00000000   0.00000000     0.000000     0.000000     0.000000
    837.28   0.03474963 175.61039797    -0.034656     0.001701     0.108387
   2190.34   0.01509228  76.27021385    -0.022858     0.001136     0.040330
   3158.23   0.04611705 233.05669159    -0.066209     0.003268     0.012747


$end

