
$orca_hessian_file

$act_atom
  0

$act_coord
  0

$act_energy
      -93.258944

$hessian
9
                    0                  1                  2                  3                  4        
    0      5.4036494194E-01  -2.9221432568E-02   5.3286769699E-01  -2.6229677218E-01   1.4142550436E-02
    1     -2.9221432568E-02  -4.5108995966E-02  -2.6958845179E-02   1.4161525995E-02   2.2100256346E-02
    2      5.3286769699E-01  -2.6958845179E-02   9.0796928092E-01  -5.7215009329E-01   2.8730838223E-02
    3     -2.6229677218E-01   1.4161525995E-02  -5.7215009329E-01   3.3591379089E-01  -1.9732091624E-02
    4      1.4142550436E-02   2.2100256346E-02   2.8730838223E-02  -1.9732091624E-02  -6.1934474826E-02
    5     -5.7617136911E-01   2.8826683847E-02  -8.8369547316E-01   4.2726119370E-01  -2.1134835857E-02
    6     -2.7817948016E-01   1.5099275324E-02   3.9467982022E-02  -7.3468662973E-02   5.5209272628E-03
    7      1.5058561426E-02   2.3586542879E-02  -1.9856255798E-03   5.6080372669E-03   3.9258165132E-02
    8      4.3324453297E-02  -2.1763226487E-03  -2.4271463997E-02   1.4480717488E-01  -7.3243759828E-03
                    5                  6                  7                  8        
     0     -5.7617136911E-01  -2.7817948016E-01   1.5058561426E-02   4.3324453297E-02
     1      2.8826683847E-02   1.5099275324E-02   2.3586542879E-02  -2.1763226487E-03
     2     -8.8369547316E-01   3.9467982022E-02  -1.9856255798E-03  -2.4271463997E-02
     3      4.2726119370E-01  -7.3468662973E-02   5.6080372669E-03   1.4480717488E-01
     4     -2.1134835857E-02   5.5209272628E-03   3.9258165132E-02  -7.3243759828E-03
     5      1.0391964601E+00   1.4874582103E-01  -7.2943163198E-03  -1.5547454232E-01
     6      1.4874582103E-01   3.5161223876E-01  -2.0634713940E-02  -1.8815293768E-01
     7     -7.2943163198E-03  -2.0634713940E-02  -6.2844850340E-02   9.3160909440E-03
     8     -1.5547454232E-01  -1.8815293768E-01   9.3160909440E-03   1.7972085433E-01

$vibrational_frequencies
9
    0        0.000000
    1        0.000000
    2        0.000000
    3        0.000000
    4        0.000000
    5        0.000000
    6     1426.469536
    7     2224.111928
    8     3610.296300

$normal_modes
9 9
                    0                  1                  2                  3                  4        
    0      0.0000000000E+00   0.0000000000E+00   0.0000000000E+00   0.0000000000E+00   0.0000000000E+00
    1      0.0000000000E+00   0.0000000000E+00   0.0000000000E+00   0.0000000000E+00   0.0000000000E+00
    2      0.0000000000E+00   0.0000000000E+00   0.0000000000E+00   0.0000000000E+00   0.0000000000E+00
    3      0.0000000000E+00   0.0000000000E+00   0.0000000000E+00   0.0000000000E+00   0.0000000000E+00
    4      0.0000000000E+00   0.0000000000E+00   0.0000000000E+00   0.0000000000E+00   0.0000000000E+00
    5      0.0000000000E+00   0.0000000000E+00   0.0000000000E+00   0.0000000000E+00   0.0000000000E+00
    6      0.0000000000E+00   0.0000000000E+00   0.0000000000E+00   0.0000000000E+00   0.0000000000E+00
    7      0.0000000000E+00   0.0000000000E+00   0.0000000000E+00   0.0000000000E+00   0.0000000000E+00
    8      0.0000000000E+00   0.0000000000E+00   0.0000000000E+00   0.0000000000E+00   0.0000000000E+00
                    5                  6                  7                  8        
     0      0.0000000000E+00  -6.1685479204E-02   2.8933141730E-01   4.3083893000E-02
     1      0.0000000000E+00   3.0577313094E-03  -1.4308837986E-02  -2.1350927182E-03
     2      0.0000000000E+00   1.0877990219E-02   5.0250043807E-01   1.7845687599E-03
     3      0.0000000000E+00   2.6113983066E-02  -3.5444494268E-01   2.0333247430E-02
     4      0.0000000000E+00  -1.2991328543E-03   1.7533018208E-02  -1.0105202827E-03
     5      0.0000000000E+00  -8.2384557995E-02  -5.4894658882E-01  -4.7004693152E-02
     6      0.0000000000E+00   5.4600541331E-01   2.0294944888E-01  -8.4097095649E-01
     7      0.0000000000E+00  -2.7009680296E-02  -1.0084511925E-02   4.1709923432E-02
     8      0.0000000000E+00   8.3050884632E-01  -4.4159341048E-01   5.3529455836E-01

#
# The atoms: label  mass x y z (in bohrs)
#
$atoms
3
 N     14.00700     -1.911061141973     1.815945556475     0.000001889726
 C     12.01100     -3.000083856786     1.869802751291    -1.895465232190
 H      1.00800     -3.908463871005     1.914935080548     0.000005669178

$actual_temperature
  0.000000

$frequency_scale_factor
  1.000000

$dipole_derivatives
9
   -2.7929005405E-02   -2.2666572789E-03   -6.4705618856E-02
   -2.4653086951E-03   -6.9167373902E-02    2.7137476082E-03
    3.0148614135E-02   -1.5336547428E-03   -4.3506703290E-01
   -2.4887096309E-01    5.1909199194E-03    1.8891522191E-01
    2.4682184640E-03   -1.3955918095E-01   -1.6100812507E-02
    1.5921812380E-01   -7.8609728005E-03    2.5477534981E-01
    2.7673443002E-01   -2.9092066330E-03   -1.2334222673E-01
   -4.4745815614E-03    2.1491145565E-01    4.7500788826E-03
   -1.8919043506E-01    9.3878258704E-03    1.8060818281E-01

#
# The IR spectrum
#  wavenumber eps Int TX TY TZ
#
$ir_spectrum
9
      0.00   0.00000000   0.00000000     0.000000     0.000000     0.000000
      0.00   0.00000000   0.00000000     0.000000     0.000000     0.000000
      0.00   0.00000000   0.00000000     0.000000     0.000000     0.000000
      0.00   0.00000000   0.00000000     0.000000     0.000000     0.000000
      0.00   0.00000000   0.00000000     0.000000     0.000000     0.000000
      0.00   0.00000000   0.00000000     0.000000     0.000000     0.000000
   1426.47   0.00082426   4.16548316    -0.004515     0.000246     0.012644
   2224.11   0.00619182  31.29089901     0.007653    -0.000379    -0.028461
   3610.30   0.02854252 144.24218437    -0.043609     0.002143     0.023682


$end

