
$orca_hessian_file

$act_atom
  0

$act_coord
  0

$act_energy
    -3968.190009

$hessian
39
                    0                  1                  2                  3                  4        
    0      2.0171927200E-01   2.3324313126E-02  -3.7387194339E-02   1.5065143614E-04  -8.7070982513E-03
    1      2.3324313126E-02   4.0992974448E-02  -1.2998441639E-02  -1.1008866994E-02  -4.0839566109E-03
    2     -3.7387194339E-02  -1.2998441639E-02   2.1764263706E-01  -5.0907652086E-03   2.0590976852E-04
    3      1.5065143614E-04  -1.1008866994E-02  -5.0907652086E-03   7.1587730704E-02   1.3634404359E-01
    4     -8.7070982513E-03  -4.0839566109E-03   2.0590976852E-04   1.3634404359E-01   4.2266339056E-01
    5     -4.5522724496E-03   2.4102321455E-03   5.3665986755E-03   5.9363784033E-02   1.6462366122E-01
    6      1.9111107125E-03   1.6114654377E-03   2.2079047709E-02   3.6933612093E-03  -4.5960143095E-03
    7     -3.1780520756E-03   8.4139352017E-03   3.8314311747E-03   1.4281207927E-03   2.7296843629E-03
    8      1.6661193271E-02   2.7182275739E-03  -6.4124481195E-03  -5.8659184534E-03  -1.3386655422E-02
    9     -1.0381954152E-02   2.2196563308E-03  -2.0984213381E-02   1.1921746936E-03  -1.6550384621E-04
   10     -6.0259475665E-03   2.9642795994E-03  -9.9470239356E-03  -6.6665657908E-04  -7.6661008883E-04
   11     -1.2255325457E-02  -4.6535265135E-03  -1.2181496622E-02   1.4466034476E-03   1.0585525034E-03
   12     -1.0045810529E-02  -9.4317975088E-03  -2.6654857902E-02   1.3667365269E-03   1.7785074187E-03
   13      4.3277962734E-03   2.4908412252E-03   3.3194139288E-03   1.2935482111E-03   4.6189665641E-03
   14     -1.1236560338E-02   1.6265856529E-03  -1.5781215300E-02   2.0438765935E-03   1.9791668728E-04
   15      1.9757841086E-03  -5.3872506909E-04   8.5590053432E-04   3.9088395258E-04   1.2138371158E-04
   16     -1.5193695350E-04  -2.7166342203E-03  -1.6745195487E-03   1.1744969006E-04   7.5093191404E-04
   17      8.4709597404E-04   9.6170453663E-04  -1.0456593228E-03  -4.5571482493E-04  -1.8061247496E-03
   18     -1.4296071664E-02   1.7094870193E-02  -1.5466116520E-02   7.5099002205E-03  -1.3580440522E-03
   19      2.9903547761E-03   1.0356795707E-03  -1.6469944516E-03   3.6062259377E-03  -1.6376517241E-02
   20     -4.2835972959E-03   1.3777263668E-03   4.3672713024E-03   6.2894374275E-03   2.9048293879E-03
   21     -1.7322398229E-01  -3.1893797108E-02   5.6511133225E-02  -8.3651790365E-02  -1.2611164945E-01
   22     -1.4468992196E-02  -3.1307284898E-02   1.3789299196E-02  -1.2847814111E-01  -4.0554105859E-01
   23      2.6883781163E-02  -5.2230926783E-03  -3.6613568028E-02  -5.1058569919E-02  -1.5242205978E-01
   24     -3.7585741220E-04   1.0651850326E-02   1.5654241106E-02  -1.1032218629E-03   1.9710882797E-03
   25      5.9670327790E-04  -2.6702910901E-02   1.7200578646E-03  -1.8077937475E-03  -1.9247364152E-03
   26      7.6930877426E-02   3.7229115577E-02  -1.5213158471E-01  -4.0934290857E-02  -1.0037506440E-01
   27      3.6793648921E-03   5.3361752189E-04  -1.0647237579E-03  -7.2543344491E-04  -1.6038705838E-03
   28      8.0751181110E-04  -1.8580348917E-03  -1.2051449568E-03  -1.7028723138E-05   1.7351942493E-04
   29      1.1334183323E-03   1.8431886078E-04   2.5398904230E-03   1.2661611484E-04   1.6835888989E-04
   30     -1.6866114419E-03   2.5813365022E-03   5.3860123473E-03  -1.2580040804E-03   5.8924577904E-04
   31      5.4473096452E-04   8.4331767452E-03   9.4976390572E-03  -5.1258962404E-04  -2.9070301114E-03
   32      6.2155255033E-03  -3.5949445376E-04   6.6396031720E-03  -1.1209002566E-03   8.7576475040E-04
   33     -5.9768224271E-04   2.3028118455E-04   5.0519729301E-04   3.0277705384E-04   5.1088778311E-04
   34     -2.9285854478E-04   4.9724678330E-04  -2.8301989303E-04  -4.7301833928E-05  -2.8931372781E-04
   35     -1.4060164913E-03  -2.6900867047E-04  -1.1849425939E-03   1.5645403722E-04   2.3129950186E-04
   36      1.1730308689E-03  -5.3743879709E-03   5.6575674690E-03   5.4544163980E-04   1.2286287458E-03
   37      2.3284155436E-04   1.8406982394E-03  -4.6074018885E-03  -2.5162243345E-04   9.5129974661E-04
   38      9.0702197442E-04  -2.8086535132E-03   6.4776002826E-04  -2.0424736613E-03  -1.1723886014E-03
                    5                  6                  7                  8                  9        
    0     -4.5522724496E-03   1.9111107125E-03  -3.1780520756E-03   1.6661193271E-02  -1.0381954152E-02
    1      2.4102321455E-03   1.6114654377E-03   8.4139352017E-03   2.7182275739E-03   2.2196563308E-03
    2      5.3665986755E-03   2.2079047709E-02   3.8314311747E-03  -6.4124481195E-03  -2.0984213381E-02
    3      5.9363784033E-02   3.6933612093E-03   1.4281207927E-03  -5.8659184534E-03   1.1921746936E-03
    4      1.6462366122E-01  -4.5960143095E-03   2.7296843629E-03  -1.3386655422E-02  -1.6550384621E-04
    5      1.0023677177E-01  -5.5579842788E-03  -1.3790871636E-02  -7.3931134482E-03   1.0657284623E-04
    6     -5.5579842788E-03   1.7834216994E-01   1.0791491034E-02  -5.2867288790E-02  -1.8257854164E-02
    7     -1.3790871636E-02   1.0791491034E-02   4.2153781620E-02   1.4458585693E-02  -4.6512685307E-03
    8     -7.3931134482E-03  -5.2867288790E-02   1.4458585693E-02   2.3933045488E-01  -1.0349663617E-02
    9      1.0657284623E-04  -1.8257854164E-02  -4.6512685307E-03  -1.0349663617E-02   1.1652746802E-01
   10     -1.3148904998E-03  -1.4641250046E-02   2.9610685250E-03  -7.9439889774E-03   1.3131342218E-02
   11     -1.2142674523E-03  -2.1252655088E-02   4.4920105043E-03  -9.5675642005E-03   6.1447052142E-02
   12     -1.6359432592E-03  -1.8978633297E-02   7.1647398380E-04  -1.5268419641E-02   1.4557789524E-02
   13      3.6607071804E-04  -4.6807707334E-04   5.7507883214E-03   1.6137639429E-03  -1.9529993679E-03
   14      2.0195627385E-04  -1.8779696219E-02  -4.9938233100E-03  -8.6284580040E-03   3.2720696977E-03
   15     -2.8997907868E-04   1.5587333357E-03   1.5585712802E-03   7.1434998344E-04   5.6755847647E-03
   16     -1.2655311156E-03  -2.7828018525E-03   1.6195423495E-03  -1.0662392710E-03  -5.8974466810E-03
   17     -3.4600440151E-04  -1.5620432106E-03   5.8499179083E-04   3.6445360086E-03  -4.3528662760E-03
   18      2.8202367411E-03   5.0557233598E-03  -1.4507105183E-03  -2.8336322045E-03   7.6617068109E-04
   19      4.7293721223E-04   2.3871256456E-03   6.6201728098E-03   9.4514204344E-03  -2.4113906034E-03
   20      1.3138399224E-02  -6.0990766737E-03   4.9282141468E-03  -3.6171540987E-03  -2.3257737452E-04
   21     -5.8488323839E-02  -2.7380085122E-02  -5.0491055743E-03  -7.2249388509E-03   2.0605912191E-03
   22     -1.5307387516E-01  -5.7178013964E-03  -4.1986438694E-02  -1.7246052458E-02   4.7431518636E-03
   23     -1.1167526013E-01   3.1065990619E-02  -1.0720244355E-02  -1.9896173851E-01   6.7512807781E-03
   24      4.8355974530E-03  -1.3019789473E-01   1.8428406015E-03   6.9789027759E-02  -4.6919019586E-02
   25     -6.8989153108E-04   2.5328771174E-03  -2.5611356680E-02   6.6514370520E-03  -6.5658839586E-02
   26     -2.5691568316E-02   6.7712759203E-02   4.9467495461E-03   6.3037002469E-02   3.2435151873E-02
   27     -4.6408204842E-04   1.8829831273E-04   1.7250296959E-04   2.3653145903E-03  -1.1281050973E-02
   28     -5.4483984951E-04  -1.8135427618E-03   7.7189768765E-04   1.4079346101E-03   4.0860824642E-03
   29      4.7510400581E-04   2.3613679200E-03   2.4341559394E-04   1.1276532586E-03   2.2859910705E-03
   30      1.2611006812E-03   4.1374691640E-03  -2.1851037918E-03   4.5241657677E-03  -5.5677754631E-02
   31      3.2288867232E-03   1.0017654568E-02  -3.2819801345E-03   4.5978053930E-03   5.6073846292E-02
   32      1.4766508262E-04   7.6879342592E-03  -5.6180227418E-04   4.7100782882E-03  -2.6021968666E-02
   33      2.4963476278E-04   5.4854588735E-04  -3.0600466855E-05  -7.0218901282E-04   1.0067959713E-03
   34     -4.2953892526E-07  -1.7940868682E-05  -1.9752787778E-04  -3.2382848103E-04  -4.7124351225E-04
   35     -1.8597861853E-04  -1.3112110288E-03  -9.7546639970E-05  -1.1051609293E-03  -2.7706972517E-03
   36      2.3507600390E-03  -6.2148446329E-04   3.5112155880E-05   1.0582916786E-03   7.2995233274E-04
   37     -4.2316969165E-04   2.6967135292E-03   5.5905749446E-05  -9.3527843835E-04   9.5326635054E-04
   38     -1.6576087889E-04   1.9447961698E-03   2.1178068156E-04   2.1220485470E-04   1.0328682263E-03
                   10                 11                 12                 13                 14        
    0     -6.0259475665E-03  -1.2255325457E-02  -1.0045810529E-02   4.3277962734E-03  -1.1236560338E-02
    1      2.9642795994E-03  -4.6535265135E-03  -9.4317975088E-03   2.4908412252E-03   1.6265856529E-03
    2     -9.9470239356E-03  -1.2181496622E-02  -2.6654857902E-02   3.3194139288E-03  -1.5781215300E-02
    3     -6.6665657908E-04   1.4466034476E-03   1.3667365269E-03   1.2935482111E-03   2.0438765935E-03
    4     -7.6661008883E-04   1.0585525034E-03   1.7785074187E-03   4.6189665641E-03   1.9791668728E-04
    5     -1.3148904998E-03  -1.2142674523E-03  -1.6359432592E-03   3.6607071804E-04   2.0195627385E-04
    6     -1.4641250046E-02  -2.1252655088E-02  -1.8978633297E-02  -4.6807707334E-04  -1.8779696219E-02
    7      2.9610685250E-03   4.4920105043E-03   7.1647398380E-04   5.7507883214E-03  -4.9938233100E-03
    8     -7.9439889774E-03  -9.5675642005E-03  -1.5268419641E-02   1.6137639429E-03  -8.6284580040E-03
    9      1.3131342218E-02   6.1447052142E-02   1.4557789524E-02  -1.9529993679E-03   3.2720696977E-03
   10      2.5040346309E-01  -1.6257903199E-02   2.8395130210E-03  -1.7906246283E-02   6.8744623809E-03
   11     -1.6257903199E-02   8.4909212858E-02   8.8493790886E-03   3.7568980266E-03   1.2315145581E-02
   12      2.8395130210E-03   8.8493790886E-03   1.0781928521E-01  -2.2308918915E-03   5.8824950905E-02
   13     -1.7906246283E-02   3.7568980266E-03  -2.2308918915E-03   2.5532549013E-01  -3.6705821063E-03
   14      6.8744623809E-03   1.2315145581E-02   5.8824950905E-02  -3.6705821063E-03   8.7585917866E-02
   15     -2.2079835092E-03  -4.3216158714E-05   7.4484971934E-03  -4.4246762634E-04  -2.6824291147E-03
   16      7.7930107851E-03   1.1493458424E-02   7.6531796474E-04  -2.5688951988E-03  -1.4388825555E-02
   17      6.6069312873E-03  -1.4190428023E-02  -8.2713080890E-03  -1.0527787187E-02  -1.1040877590E-02
   18     -1.0658748960E-03   2.4955903836E-04  -7.2506562251E-04  -6.0115786615E-04   5.6081074507E-04
   19      2.4272291239E-03  -1.9454181075E-03  -7.6449220378E-04  -1.0351593246E-03  -1.2588182697E-03
   20     -1.7548736145E-03   6.1232853060E-04   8.1923772849E-04   1.1241581836E-03   1.6980713869E-04
   21      1.8630852674E-03   2.0192177827E-03   6.0344516420E-03   1.3983081510E-03   1.0990895187E-03
   22      2.6837433849E-05   1.6116072110E-03   1.1746208764E-03  -4.0011399195E-03   2.2363713020E-03
   23      7.1734167746E-03   1.0632943308E-02   1.3874675606E-02   4.2260356115E-03   8.2303398438E-03
   24     -6.9976386849E-02   5.4802138659E-03  -4.9536079582E-02   7.8177374538E-02  -1.2478024997E-02
   25     -1.3817216497E-01  -3.2024081118E-02   5.4953990160E-02  -1.0996580408E-01   4.0541168292E-02
   26     -7.3805454908E-02   1.8285245919E-02   3.6111643212E-02   1.1909464082E-01   1.0693124826E-02
   27      4.3607887178E-03  -2.4514437358E-04  -5.4783792857E-03  -5.6823273024E-03  -1.9367677519E-03
   28      1.7638747246E-03   3.9781966382E-03  -9.4559473975E-03  -4.6119340409E-03   3.2850089451E-03
   29     -2.4243505754E-03   2.4496696442E-03   6.2223372180E-03   2.2139950163E-03   8.3579259591E-03
   30      7.3260432248E-02  -4.6496207048E-02  -5.6559193253E-02  -7.5942963279E-02  -1.9761299473E-02
   31     -1.1139991602E-01   2.9518864070E-02  -3.9474160827E-02  -1.2881871989E-01  -2.9043404104E-02
   32      6.7353254355E-02  -5.3300073096E-02  -2.2724446432E-02  -6.0384743007E-02  -4.7977086357E-02
   33     -6.6273262548E-04  -3.9845681284E-04   2.5259692309E-03   1.5245848953E-03   5.4411667701E-04
   34      6.9327507683E-04  -1.5323575077E-03  -6.4784464832E-04   4.9588858693E-04  -1.8712123030E-03
   35      5.3660604356E-05  -2.4384014559E-04  -1.9227950861E-03  -1.3750881768E-04  -1.1497214668E-03
   36     -2.1224359520E-04   1.1990269362E-03   1.5710278723E-03   5.9736038244E-04   5.2941159897E-04
   37     -7.9001828908E-04   5.0130746311E-04  -2.2326019850E-04   2.2770605226E-04   4.6458763138E-04
   38      3.7219531742E-04   1.5377763556E-04   2.3418283331E-04  -8.0745439360E-05   3.6779676068E-04
                   15                 16                 17                 18                 19        
    0      1.9757841086E-03  -1.5193695350E-04   8.4709597404E-04  -1.4296071664E-02   2.9903547761E-03
    1     -5.3872506909E-04  -2.7166342203E-03   9.6170453663E-04   1.7094870193E-02   1.0356795707E-03
    2      8.5590053432E-04  -1.6745195487E-03  -1.0456593228E-03  -1.5466116520E-02  -1.6469944516E-03
    3      3.9088395258E-04   1.1744969006E-04  -4.5571482493E-04   7.5099002205E-03   3.6062259377E-03
    4      1.2138371158E-04   7.5093191404E-04  -1.8061247496E-03  -1.3580440522E-03  -1.6376517241E-02
    5     -2.8997907868E-04  -1.2655311156E-03  -3.4600440151E-04   2.8202367411E-03   4.7293721223E-04
    6      1.5587333357E-03  -2.7828018525E-03  -1.5620432106E-03   5.0557233598E-03   2.3871256456E-03
    7      1.5585712802E-03   1.6195423495E-03   5.8499179083E-04  -1.4507105183E-03   6.6201728098E-03
    8      7.1434998344E-04  -1.0662392710E-03   3.6445360086E-03  -2.8336322045E-03   9.4514204344E-03
    9      5.6755847647E-03  -5.8974466810E-03  -4.3528662760E-03   7.6617068109E-04  -2.4113906034E-03
   10     -2.2079835092E-03   7.7930107851E-03   6.6069312873E-03  -1.0658748960E-03   2.4272291239E-03
   11     -4.3216158714E-05   1.1493458424E-02  -1.4190428023E-02   2.4955903836E-04  -1.9454181075E-03
   12      7.4484971934E-03   7.6531796474E-04  -8.2713080890E-03  -7.2506562251E-04  -7.6449220378E-04
   13     -4.4246762634E-04  -2.5688951988E-03  -1.0527787187E-02  -6.0115786615E-04  -1.0351593246E-03
   14     -2.6824291147E-03  -1.4388825555E-02  -1.1040877590E-02   5.6081074507E-04  -1.2588182697E-03
   15      3.4874639690E-02  -5.9725205485E-03  -5.9756616942E-02  -1.2747213824E-04   2.3461584695E-04
   16     -5.9725205485E-03   2.6901184890E-02   5.5277549190E-02  -7.8012649984E-04   2.4530863557E-04
   17     -5.9756616942E-02   5.5277549190E-02   5.2301544177E-01  -1.8407804011E-04   1.1099325995E-03
   18     -1.2747213824E-04  -7.8012649984E-04  -1.8407804011E-04   3.8200690556E-01   7.5401973339E-02
   19      2.3461584695E-04   2.4530863557E-04   1.1099325995E-03   7.5401973339E-02   2.4839130499E-01
   20      2.4042772538E-04   2.2603589239E-04  -7.0546159316E-04  -1.0912423165E-01  -1.6576806174E-01
   21     -1.4661572176E-03   1.8630417480E-03   6.4836193620E-04  -6.2457896642E-02   4.6067307632E-02
   22     -6.9440855234E-04  -8.0382092580E-04   6.1807488486E-04   2.8393460707E-02  -1.6827720185E-01
   23      2.9572900409E-04   4.2389010367E-03  -4.8613737477E-04  -2.0303707926E-02   9.0082679004E-02
   24     -3.2647071618E-03   4.8126073363E-03   4.7760756082E-03  -5.4220086924E-06   1.1143958793E-03
   25     -1.5899075842E-03  -7.7309545491E-04  -2.5733626223E-03   2.4366012064E-03  -2.3268553481E-03
   26      1.2000201147E-03   1.0207112000E-02  -8.6001389104E-02  -4.0156189081E-02   3.0029586667E-02
   27      2.1643773130E-03   4.8491014506E-03   1.8110482263E-02  -4.4572984870E-04   1.8336939515E-03
   28     -3.5103096357E-03  -8.9310433975E-04   1.1651020061E-04  -5.2511421549E-04   2.8614382819E-04
   29      1.5992122621E-02   3.1989599580E-03  -7.0931896860E-03   1.4144384502E-04   1.1775253627E-04
   30     -5.2564471624E-02   2.5479935681E-03   5.1742053169E-02   2.4620350882E-04  -7.7177944958E-04
   31      1.1676796352E-02  -2.9965822412E-02  -5.2296535133E-02   2.4503988734E-03  -1.1468478160E-03
   32      5.0536911937E-02  -5.5159893555E-02  -4.9233446870E-01  -5.4534574077E-04   5.5130204812E-04
   33      3.1877331105E-03   5.6800968963E-05  -1.6047824910E-03   2.5287494069E-04  -5.6756301568E-04
   34      1.5633690752E-03   7.3399108810E-04   2.4492114501E-03   1.0977142577E-04  -1.7001188999E-05
   35     -1.2557427454E-03  -2.3020505083E-03  -1.7661415732E-03   5.8946779215E-05  -5.2102189271E-04
   36      1.4705151631E-04   5.7165849888E-04   6.1991137604E-05  -3.1778064565E-01  -1.2912076501E-01
   37     -1.9897695153E-04  -3.2217384237E-04  -5.2303587021E-04  -1.2010544283E-01  -6.9825858100E-02
   38     -8.2295648487E-05  -2.7952906725E-05   3.2493253562E-04   1.4142203870E-01   6.4160014263E-02
                   20                 21                 22                 23                 24        
    0     -4.2835972959E-03  -1.7322398229E-01  -1.4468992196E-02   2.6883781163E-02  -3.7585741220E-04
    1      1.3777263668E-03  -3.1893797108E-02  -3.1307284898E-02  -5.2230926783E-03   1.0651850326E-02
    2      4.3672713024E-03   5.6511133225E-02   1.3789299196E-02  -3.6613568028E-02   1.5654241106E-02
    3      6.2894374275E-03  -8.3651790365E-02  -1.2847814111E-01  -5.1058569919E-02  -1.1032218629E-03
    4      2.9048293879E-03  -1.2611164945E-01  -4.0554105859E-01  -1.5242205978E-01   1.9710882797E-03
    5      1.3138399224E-02  -5.8488323839E-02  -1.5307387516E-01  -1.1167526013E-01   4.8355974530E-03
    6     -6.0990766737E-03  -2.7380085122E-02  -5.7178013964E-03   3.1065990619E-02  -1.3019789473E-01
    7      4.9282141468E-03  -5.0491055743E-03  -4.1986438694E-02  -1.0720244355E-02   1.8428406015E-03
    8     -3.6171540987E-03  -7.2249388509E-03  -1.7246052458E-02  -1.9896173851E-01   6.9789027759E-02
    9     -2.3257737452E-04   2.0605912191E-03   4.7431518636E-03   6.7512807781E-03  -4.6919019586E-02
   10     -1.7548736145E-03   1.8630852674E-03   2.6837433849E-05   7.1734167746E-03  -6.9976386849E-02
   11      6.1232853060E-04   2.0192177827E-03   1.6116072110E-03   1.0632943308E-02   5.4802138659E-03
   12      8.1923772849E-04   6.0344516420E-03   1.1746208764E-03   1.3874675606E-02  -4.9536079582E-02
   13      1.1241581836E-03   1.3983081510E-03  -4.0011399195E-03   4.2260356115E-03   7.8177374538E-02
   14      1.6980713869E-04   1.0990895187E-03   2.2363713020E-03   8.2303398438E-03  -1.2478024997E-02
   15      2.4042772538E-04  -1.4661572176E-03  -6.9440855234E-04   2.9572900409E-04  -3.2647071618E-03
   16      2.2603589239E-04   1.8630417480E-03  -8.0382092580E-04   4.2389010367E-03   4.8126073363E-03
   17     -7.0546159316E-04   6.4836193620E-04   6.1807488486E-04  -4.8613737477E-04   4.7760756082E-03
   18     -1.0912423165E-01  -6.2457896642E-02   2.8393460707E-02  -2.0303707926E-02  -5.4220086924E-06
   19     -1.6576806174E-01   4.6067307632E-02  -1.6827720185E-01   9.0082679004E-02   1.1143958793E-03
   20      1.7479638590E-01  -3.5417932057E-02   9.4803947568E-02  -1.0447882658E-01   7.7746266507E-04
   21     -3.5417932057E-02   3.7457718151E-01   1.3263815851E-01   9.4433334146E-02  -4.6445135660E-02
   22      9.4803947568E-02   1.3263815851E-01   6.5700826296E-01   6.1851495756E-02  -1.6934646303E-02
   23     -1.0447882658E-01   9.4433334146E-02   6.1851495756E-02   4.6689313005E-01  -9.0882897902E-02
   24      7.7746266507E-04  -4.6445135660E-02  -1.6934646303E-02  -9.0882897902E-02   3.3041952117E-01
   25      3.3964402264E-04  -2.5711937314E-04   1.3169494469E-02  -6.8163229524E-03   9.9726265430E-03
   26     -6.3898185877E-03  -4.1218899890E-02   3.8314731540E-02  -2.4823087705E-02  -4.2010821406E-02
   27     -8.7015484516E-04  -1.8870525710E-04  -2.1832131942E-04   5.6537933299E-04  -2.8712244591E-03
   28     -6.8264534109E-05   1.6109704550E-03  -3.5660520730E-05   1.7573670333E-03   5.3472072234E-05
   29      2.8338623352E-04  -1.2170713996E-03  -4.8915872395E-04  -2.0390059567E-03  -5.6998973106E-03
   30     -1.0943439254E-04   3.9061345771E-03   3.6318536728E-05  -5.3385303207E-03  -4.7992461840E-02
   31     -3.3787261032E-04  -6.7209300484E-03   2.5459136139E-03  -1.4322974144E-02  -2.1928323143E-02
   32     -1.0531438690E-04   1.6053020762E-03  -1.5496635529E-03  -2.8988023718E-03  -7.1287672382E-02
   33      3.2359184966E-04  -6.3500885531E-04  -1.0462632283E-04  -4.7736197967E-04  -2.9762763196E-04
   34     -1.0340992369E-04  -1.9168340279E-04   2.0910386832E-04  -5.6993280505E-05   1.2566945840E-03
   35      7.6980314151E-05   4.7571648924E-04   3.4935212674E-04   1.0012961725E-03   4.2683220021E-03
   36      1.4768640633E-01   8.8699952733E-03  -3.7050079478E-04  -5.8091372209E-03  -1.4127528148E-03
   37      6.2327345506E-02  -1.5218630642E-02  -2.1005746710E-02   2.0234815647E-02  -1.0089550133E-03
   38     -8.3825059275E-02   7.4722266060E-03   1.6677033001E-02  -8.1493774205E-03  -2.4349938614E-03
                   25                 26                 27                 28                 29        
    0      5.9670327790E-04   7.6930877426E-02   3.6793648921E-03   8.0751181110E-04   1.1334183323E-03
    1     -2.6702910901E-02   3.7229115577E-02   5.3361752189E-04  -1.8580348917E-03   1.8431886078E-04
    2      1.7200578646E-03  -1.5213158471E-01  -1.0647237579E-03  -1.2051449568E-03   2.5398904230E-03
    3     -1.8077937475E-03  -4.0934290857E-02  -7.2543344491E-04  -1.7028723138E-05   1.2661611484E-04
    4     -1.9247364152E-03  -1.0037506440E-01  -1.6038705838E-03   1.7351942493E-04   1.6835888989E-04
    5     -6.8989153108E-04  -2.5691568316E-02  -4.6408204842E-04  -5.4483984951E-04   4.7510400581E-04
    6      2.5328771174E-03   6.7712759203E-02   1.8829831273E-04  -1.8135427618E-03   2.3613679200E-03
    7     -2.5611356680E-02   4.9467495461E-03   1.7250296959E-04   7.7189768765E-04   2.4341559394E-04
    8      6.6514370520E-03   6.3037002469E-02   2.3653145903E-03   1.4079346101E-03   1.1276532586E-03
    9     -6.5658839586E-02   3.2435151873E-02  -1.1281050973E-02   4.0860824642E-03   2.2859910705E-03
   10     -1.3817216497E-01  -7.3805454908E-02   4.3607887178E-03   1.7638747246E-03  -2.4243505754E-03
   11     -3.2024081118E-02   1.8285245919E-02  -2.4514437358E-04   3.9781966382E-03   2.4496696442E-03
   12      5.4953990160E-02   3.6111643212E-02  -5.4783792857E-03  -9.4559473975E-03   6.2223372180E-03
   13     -1.0996580408E-01   1.1909464082E-01  -5.6823273024E-03  -4.6119340409E-03   2.2139950163E-03
   14      4.0541168292E-02   1.0693124826E-02  -1.9367677519E-03   3.2850089451E-03   8.3579259591E-03
   15     -1.5899075842E-03   1.2000201147E-03   2.1643773130E-03  -3.5103096357E-03   1.5992122621E-02
   16     -7.7309545491E-04   1.0207112000E-02   4.8491014506E-03  -8.9310433975E-04   3.1989599580E-03
   17     -2.5733626223E-03  -8.6001389104E-02   1.8110482263E-02   1.1651020061E-04  -7.0931896860E-03
   18      2.4366012064E-03  -4.0156189081E-02  -4.4572984870E-04  -5.2511421549E-04   1.4144384502E-04
   19     -2.3268553481E-03   3.0029586667E-02   1.8336939515E-03   2.8614382819E-04   1.1775253627E-04
   20      3.3964402264E-04  -6.3898185877E-03  -8.7015484516E-04  -6.8264534109E-05   2.8338623352E-04
   21     -2.5711937314E-04  -4.1218899890E-02  -1.8870525710E-04   1.6109704550E-03  -1.2170713996E-03
   22      1.3169494469E-02   3.8314731540E-02  -2.1832131942E-04  -3.5660520730E-05  -4.8915872395E-04
   23     -6.8163229524E-03  -2.4823087705E-02   5.6537933299E-04   1.7573670333E-03  -2.0390059567E-03
   24      9.9726265430E-03  -4.2010821406E-02  -2.8712244591E-03   5.3472072234E-05  -5.6998973106E-03
   25      2.4690462395E-01  -1.2584584792E-02  -6.8530086955E-04  -2.7311363716E-03   2.0319474543E-03
   26     -1.2584584792E-02   1.1235671471E-01  -1.4526798189E-02  -4.8891990722E-02   3.8406997185E-02
   27     -6.8530086955E-04  -1.4526798189E-02   4.1913340718E-01  -1.5355192559E-01   2.6130585549E-02
   28     -2.7311363716E-03  -4.8891990722E-02  -1.5355192559E-01   2.2211127035E-01  -1.3322861070E-01
   29      2.0319474543E-03   3.8406997185E-02   2.6130585549E-02  -1.3322861070E-01   1.3961650980E-01
   30     -1.8580399597E-03  -3.7544769575E-02  -2.0593211603E-01  -2.2953162748E-02   5.5631879579E-02
   31      4.6965001801E-02  -4.2104207782E-02  -4.0117338073E-02  -1.1301918286E-02   1.1615568649E-02
   32     -1.1258046725E-02  -1.1980747074E-02   6.9407950671E-02   1.2118548647E-02  -6.6038230270E-02
   33      5.3932782206E-04  -2.4664932042E-02  -1.9816978981E-01   1.8507000093E-01  -1.0303171489E-01
   34      1.0025864689E-04   3.4650566965E-02   1.9087329218E-01  -2.0348800961E-01   1.1640248818E-01
   35      5.7526463595E-04  -1.2953810332E-02  -1.1119699693E-01   1.1603600381E-01  -7.7579595028E-02
   36      8.2758637486E-04   2.6664992435E-02  -7.4016346969E-05   1.9975272850E-04  -7.7379691964E-05
   37      1.0697332664E-03   3.2914616473E-03  -7.6495097813E-04  -1.8588731269E-04  -3.5664254245E-05
   38      3.3371463556E-04  -1.3647795833E-02   4.1495759103E-04   1.2689066111E-04  -1.5160805442E-04
                   30                 31                 32                 33                 34        
    0     -1.6866114419E-03   5.4473096452E-04   6.2155255033E-03  -5.9768224271E-04  -2.9285854478E-04
    1      2.5813365022E-03   8.4331767452E-03  -3.5949445376E-04   2.3028118455E-04   4.9724678330E-04
    2      5.3860123473E-03   9.4976390572E-03   6.6396031720E-03   5.0519729301E-04  -2.8301989303E-04
    3     -1.2580040804E-03  -5.1258962404E-04  -1.1209002566E-03   3.0277705384E-04  -4.7301833928E-05
    4      5.8924577904E-04  -2.9070301114E-03   8.7576475040E-04   5.1088778311E-04  -2.8931372781E-04
    5      1.2611006812E-03   3.2288867232E-03   1.4766508262E-04   2.4963476278E-04  -4.2953892526E-07
    6      4.1374691640E-03   1.0017654568E-02   7.6879342592E-03   5.4854588735E-04  -1.7940868682E-05
    7     -2.1851037918E-03  -3.2819801345E-03  -5.6180227418E-04  -3.0600466855E-05  -1.9752787778E-04
    8      4.5241657677E-03   4.5978053930E-03   4.7100782882E-03  -7.0218901282E-04  -3.2382848103E-04
    9     -5.5677754631E-02   5.6073846292E-02  -2.6021968666E-02   1.0067959713E-03  -4.7124351225E-04
   10      7.3260432248E-02  -1.1139991602E-01   6.7353254355E-02  -6.6273262548E-04   6.9327507683E-04
   11     -4.6496207048E-02   2.9518864070E-02  -5.3300073096E-02  -3.9845681284E-04  -1.5323575077E-03
   12     -5.6559193253E-02  -3.9474160827E-02  -2.2724446432E-02   2.5259692309E-03  -6.4784464832E-04
   13     -7.5942963279E-02  -1.2881871989E-01  -6.0384743007E-02   1.5245848953E-03   4.9588858693E-04
   14     -1.9761299473E-02  -2.9043404104E-02  -4.7977086357E-02   5.4411667701E-04  -1.8712123030E-03
   15     -5.2564471624E-02   1.1676796352E-02   5.0536911937E-02   3.1877331105E-03   1.5633690752E-03
   16      2.5479935681E-03  -2.9965822412E-02  -5.5159893555E-02   5.6800968963E-05   7.3399108810E-04
   17      5.1742053169E-02  -5.2296535133E-02  -4.9233446870E-01  -1.6047824910E-03   2.4492114501E-03
   18      2.4620350882E-04   2.4503988734E-03  -5.4534574077E-04   2.5287494069E-04   1.0977142577E-04
   19     -7.7177944958E-04  -1.1468478160E-03   5.5130204812E-04  -5.6756301568E-04  -1.7001188999E-05
   20     -1.0943439254E-04  -3.3787261032E-04  -1.0531438690E-04   3.2359184966E-04  -1.0340992369E-04
   21      3.9061345771E-03  -6.7209300484E-03   1.6053020762E-03  -6.3500885531E-04  -1.9168340279E-04
   22      3.6318536728E-05   2.5459136139E-03  -1.5496635529E-03  -1.0462632283E-04   2.0910386832E-04
   23     -5.3385303207E-03  -1.4322974144E-02  -2.8988023718E-03  -4.7736197967E-04  -5.6993280505E-05
   24     -4.7992461840E-02  -2.1928323143E-02  -7.1287672382E-02  -2.9762763196E-04   1.2566945840E-03
   25     -1.8580399597E-03   4.6965001801E-02  -1.1258046725E-02   5.3932782206E-04   1.0025864689E-04
   26     -3.7544769575E-02  -4.2104207782E-02  -1.1980747074E-02  -2.4664932042E-02   3.4650566965E-02
   27     -2.0593211603E-01  -4.0117338073E-02   6.9407950671E-02  -1.9816978981E-01   1.9087329218E-01
   28     -2.2953162748E-02  -1.1301918286E-02   1.2118548647E-02   1.8507000093E-01  -2.0348800961E-01
   29      5.5631879579E-02   1.1615568649E-02  -6.6038230270E-02  -1.0303171489E-01   1.1640248818E-01
   30      4.4284592021E-01   2.3216812636E-02  -1.2613601296E-02  -2.8714865345E-02   9.1159263961E-04
   31      2.3216812636E-02   2.3026716011E-01   5.0566290355E-02   6.2226252601E-03  -3.2111440846E-04
   32     -1.2613601296E-02   5.0566290355E-02   6.8806117986E-01  -5.6083104661E-04  -2.0924670040E-03
   33     -2.8714865345E-02   6.2226252601E-03  -5.6083104661E-04   2.2058580414E-01  -1.9301535168E-01
   34      9.1159263961E-04  -3.2111440846E-04  -2.0924670040E-03  -1.9301535168E-01   2.0156746455E-01
   35      9.9058844129E-03   1.0561932362E-04   5.9345032374E-03   1.0487914216E-01  -1.1421175475E-01
   36     -7.4846820743E-04  -1.4455991637E-03  -5.7605063499E-04   4.7769924474E-06  -3.0835173340E-05
   37      5.6843750324E-04   9.2975426628E-04  -9.5226267995E-05   2.2616908302E-04   1.5898651960E-05
   38     -2.5727660199E-04  -6.3278396375E-05  -1.9500581207E-04  -1.6724833435E-04   2.4840143718E-05
                   35                 36                 37                 38        
     0     -1.4060164913E-03   1.1730308689E-03   2.3284155436E-04   9.0702197442E-04
     1     -2.6900867047E-04  -5.3743879709E-03   1.8406982394E-03  -2.8086535132E-03
     2     -1.1849425939E-03   5.6575674690E-03  -4.6074018885E-03   6.4776002826E-04
     3      1.5645403722E-04   5.4544163980E-04  -2.5162243345E-04  -2.0424736613E-03
     4      2.3129950186E-04   1.2286287458E-03   9.5129974661E-04  -1.1723886014E-03
     5     -1.8597861853E-04   2.3507600390E-03  -4.2316969165E-04  -1.6576087889E-04
     6     -1.3112110288E-03  -6.2148446329E-04   2.6967135292E-03   1.9447961698E-03
     7     -9.7546639970E-05   3.5112155880E-05   5.5905749446E-05   2.1178068156E-04
     8     -1.1051609293E-03   1.0582916786E-03  -9.3527843835E-04   2.1220485470E-04
     9     -2.7706972517E-03   7.2995233274E-04   9.5326635054E-04   1.0328682263E-03
    10      5.3660604356E-05  -2.1224359520E-04  -7.9001828908E-04   3.7219531742E-04
    11     -2.4384014559E-04   1.1990269362E-03   5.0130746311E-04   1.5377763556E-04
    12     -1.9227950861E-03   1.5710278723E-03  -2.2326019850E-04   2.3418283331E-04
    13     -1.3750881768E-04   5.9736038244E-04   2.2770605226E-04  -8.0745439360E-05
    14     -1.1497214668E-03   5.2941159897E-04   4.6458763138E-04   3.6779676068E-04
    15     -1.2557427454E-03   1.4705151631E-04  -1.9897695153E-04  -8.2295648487E-05
    16     -2.3020505083E-03   5.7165849888E-04  -3.2217384237E-04  -2.7952906725E-05
    17     -1.7661415732E-03   6.1991137604E-05  -5.2303587021E-04   3.2493253562E-04
    18      5.8946779215E-05  -3.1778064565E-01  -1.2010544283E-01   1.4142203870E-01
    19     -5.2102189271E-04  -1.2912076501E-01  -6.9825858100E-02   6.4160014263E-02
    20      7.6980314151E-05   1.4768640633E-01   6.2327345506E-02  -8.3825059275E-02
    21      4.7571648924E-04   8.8699952733E-03  -1.5218630642E-02   7.4722266060E-03
    22      3.4935212674E-04  -3.7050079478E-04  -2.1005746710E-02   1.6677033001E-02
    23      1.0012961725E-03  -5.8091372209E-03   2.0234815647E-02  -8.1493774205E-03
    24      4.2683220021E-03  -1.4127528148E-03  -1.0089550133E-03  -2.4349938614E-03
    25      5.7526463595E-04   8.2758637486E-04   1.0697332664E-03   3.3371463556E-04
    26     -1.2953810332E-02   2.6664992435E-02   3.2914616473E-03  -1.3647795833E-02
    27     -1.1119699693E-01  -7.4016346969E-05  -7.6495097813E-04   4.1495759103E-04
    28      1.1603600381E-01   1.9975272850E-04  -1.8588731269E-04   1.2689066111E-04
    29     -7.7579595028E-02  -7.7379691964E-05  -3.5664254245E-05  -1.5160805442E-04
    30      9.9058844129E-03  -7.4846820743E-04   5.6843750324E-04  -2.5727660199E-04
    31      1.0561932362E-04  -1.4455991637E-03   9.2975426628E-04  -6.3278396375E-05
    32      5.9345032374E-03  -5.7605063499E-04  -9.5226267995E-05  -1.9500581207E-04
    33      1.0487914216E-01   4.7769924474E-06   2.2616908302E-04  -1.6724833435E-04
    34     -1.1421175475E-01  -3.0835173340E-05   1.5898651960E-05   2.4840143718E-05
    35      7.4036741060E-02   1.1896234147E-04   1.8799967146E-04  -1.7139278496E-06
    36      1.1896234147E-04   3.0759588065E-01   1.3309437437E-01  -1.4844341527E-01
    37      1.8799967146E-04   1.3309437437E-01   8.7038798698E-02  -7.7753435618E-02
    38     -1.7139278496E-06  -1.4844341527E-01  -7.7753435618E-02   9.3314187455E-02

$vibrational_frequencies
39
    0        0.000000
    1        0.000000
    2        0.000000
    3        0.000000
    4        0.000000
    5        0.000000
    6     -284.046393
    7       47.445396
    8       98.071626
    9      118.863812
   10      139.498830
   11      144.689783
   12      173.520888
   13      207.640280
   14      227.145906
   15      279.495483
   16      290.617698
   17      297.793840
   18      315.003079
   19      328.507363
   20      357.458500
   21      395.452995
   22      497.677951
   23      552.649102
   24      562.937508
   25      571.179527
   26      658.205117
   27      703.524937
   28      709.986903
   29      726.465073
   30      755.336531
   31      776.448792
   32      790.974431
   33      858.964087
   34      912.658317
   35     1066.555824
   36     1077.752458
   37     3533.539948
   38     3597.771342

$normal_modes
39 39
                    0                  1                  2                  3                  4        
    0      0.0000000000E+00   0.0000000000E+00   0.0000000000E+00   0.0000000000E+00   0.0000000000E+00
    1      0.0000000000E+00   0.0000000000E+00   0.0000000000E+00   0.0000000000E+00   0.0000000000E+00
    2      0.0000000000E+00   0.0000000000E+00   0.0000000000E+00   0.0000000000E+00   0.0000000000E+00
    3      0.0000000000E+00   0.0000000000E+00   0.0000000000E+00   0.0000000000E+00   0.0000000000E+00
    4      0.0000000000E+00   0.0000000000E+00   0.0000000000E+00   0.0000000000E+00   0.0000000000E+00
    5      0.0000000000E+00   0.0000000000E+00   0.0000000000E+00   0.0000000000E+00   0.0000000000E+00
    6      0.0000000000E+00   0.0000000000E+00   0.0000000000E+00   0.0000000000E+00   0.0000000000E+00
    7      0.0000000000E+00   0.0000000000E+00   0.0000000000E+00   0.0000000000E+00   0.0000000000E+00
    8      0.0000000000E+00   0.0000000000E+00   0.0000000000E+00   0.0000000000E+00   0.0000000000E+00
    9      0.0000000000E+00   0.0000000000E+00   0.0000000000E+00   0.0000000000E+00   0.0000000000E+00
   10      0.0000000000E+00   0.0000000000E+00   0.0000000000E+00   0.0000000000E+00   0.0000000000E+00
   11      0.0000000000E+00   0.0000000000E+00   0.0000000000E+00   0.0000000000E+00   0.0000000000E+00
   12      0.0000000000E+00   0.0000000000E+00   0.0000000000E+00   0.0000000000E+00   0.0000000000E+00
   13      0.0000000000E+00   0.0000000000E+00   0.0000000000E+00   0.0000000000E+00   0.0000000000E+00
   14      0.0000000000E+00   0.0000000000E+00   0.0000000000E+00   0.0000000000E+00   0.0000000000E+00
   15      0.0000000000E+00   0.0000000000E+00   0.0000000000E+00   0.0000000000E+00   0.0000000000E+00
   16      0.0000000000E+00   0.0000000000E+00   0.0000000000E+00   0.0000000000E+00   0.0000000000E+00
   17      0.0000000000E+00   0.0000000000E+00   0.0000000000E+00   0.0000000000E+00   0.0000000000E+00
   18      0.0000000000E+00   0.0000000000E+00   0.0000000000E+00   0.0000000000E+00   0.0000000000E+00
   19      0.0000000000E+00   0.0000000000E+00   0.0000000000E+00   0.0000000000E+00   0.0000000000E+00
   20      0.0000000000E+00   0.0000000000E+00   0.0000000000E+00   0.0000000000E+00   0.0000000000E+00
   21      0.0000000000E+00   0.0000000000E+00   0.0000000000E+00   0.0000000000E+00   0.0000000000E+00
   22      0.0000000000E+00   0.0000000000E+00   0.0000000000E+00   0.0000000000E+00   0.0000000000E+00
   23      0.0000000000E+00   0.0000000000E+00   0.0000000000E+00   0.0000000000E+00   0.0000000000E+00
   24      0.0000000000E+00   0.0000000000E+00   0.0000000000E+00   0.0000000000E+00   0.0000000000E+00
   25      0.0000000000E+00   0.0000000000E+00   0.0000000000E+00   0.0000000000E+00   0.0000000000E+00
   26      0.0000000000E+00   0.0000000000E+00   0.0000000000E+00   0.0000000000E+00   0.0000000000E+00
   27      0.0000000000E+00   0.0000000000E+00   0.0000000000E+00   0.0000000000E+00   0.0000000000E+00
   28      0.0000000000E+00   0.0000000000E+00   0.0000000000E+00   0.0000000000E+00   0.0000000000E+00
   29      0.0000000000E+00   0.0000000000E+00   0.0000000000E+00   0.0000000000E+00   0.0000000000E+00
   30      0.0000000000E+00   0.0000000000E+00   0.0000000000E+00   0.0000000000E+00   0.0000000000E+00
   31      0.0000000000E+00   0.0000000000E+00   0.0000000000E+00   0.0000000000E+00   0.0000000000E+00
   32      0.0000000000E+00   0.0000000000E+00   0.0000000000E+00   0.0000000000E+00   0.0000000000E+00
   33      0.0000000000E+00   0.0000000000E+00   0.0000000000E+00   0.0000000000E+00   0.0000000000E+00
   34      0.0000000000E+00   0.0000000000E+00   0.0000000000E+00   0.0000000000E+00   0.0000000000E+00
   35      0.0000000000E+00   0.0000000000E+00   0.0000000000E+00   0.0000000000E+00   0.0000000000E+00
   36      0.0000000000E+00   0.0000000000E+00   0.0000000000E+00   0.0000000000E+00   0.0000000000E+00
   37      0.0000000000E+00   0.0000000000E+00   0.0000000000E+00   0.0000000000E+00   0.0000000000E+00
   38      0.0000000000E+00   0.0000000000E+00   0.0000000000E+00   0.0000000000E+00   0.0000000000E+00
                    5                  6                  7                  8                  9        
    0      0.0000000000E+00   6.0863905425E-02   1.8088554775E-02   1.1643626712E-02   2.6135481821E-02
    1      0.0000000000E+00   1.5292727711E-01  -2.0280755449E-01  -1.3036985187E-01  -8.5591233224E-03
    2      0.0000000000E+00  -1.9865816140E-01   5.5742725664E-03  -1.5380033936E-03  -2.4096849631E-02
    3      0.0000000000E+00  -1.0188973954E-01  -2.7516046784E-01  -1.7403798505E-01  -7.0817692645E-02
    4      0.0000000000E+00  -1.0284354570E-01   2.2372647976E-01  -7.8890736502E-04  -8.5734439647E-03
    5      0.0000000000E+00   1.7125031342E-01  -1.9744175127E-01   2.6198375485E-01   3.5066616702E-02
    6      0.0000000000E+00   2.0997642071E-01   4.3815214043E-02   7.8972180102E-03  -1.7854835150E-02
    7      0.0000000000E+00  -3.1793049107E-02  -1.8862721135E-01   1.9858269095E-01   3.6783443551E-02
    8      0.0000000000E+00   2.0599393933E-01   3.8256756693E-03   2.0751811016E-02  -4.8158349571E-02
    9      0.0000000000E+00   8.9424245777E-02  -8.6780268887E-02  -3.5077102877E-02  -1.2012362215E-01
   10      0.0000000000E+00  -1.3904746351E-01  -1.4539227143E-01  -4.9060672448E-03  -7.8822911818E-02
   11      0.0000000000E+00   1.3179569049E-01  -1.6551027441E-01   2.0600149681E-02   2.1843658163E-01
   12      0.0000000000E+00   7.6910149662E-02   1.5675561166E-01   1.4883519836E-01  -9.3555622573E-02
   13      0.0000000000E+00   1.6503803865E-01  -9.6405390363E-02  -4.8370897306E-02   3.1971917876E-02
   14      0.0000000000E+00   9.1166439609E-02   1.5859746492E-01  -1.8091054234E-01   1.6947840074E-01
   15      0.0000000000E+00  -7.4884566908E-02  -4.7415765525E-02  -1.5908967825E-01   4.7462501064E-01
   16      0.0000000000E+00   1.1313719629E-01   2.8690269935E-01  -2.8632994800E-01  -5.4943493184E-03
   17      0.0000000000E+00   2.2640707643E-02  -1.8113862071E-02  -2.7717354127E-02   1.5475786234E-01
   18      0.0000000000E+00  -8.6044887389E-02   1.6654037788E-01   1.6358487975E-01   8.2384651781E-02
   19      0.0000000000E+00   5.4689108658E-02   2.6548081241E-01  -6.9213190084E-02  -2.1874905256E-02
