
$orca_hessian_file

$act_atom
  2

$act_coord
  2

$act_energy
     -342.381164

$hessian
9
                    0                  1                  2                  3                  4        
    0      1.8912960030E-01   4.9258980664E-03   9.4401699847E-03  -1.6918101568E-01  -1.9409553168E-02
    1      4.9258980664E-03   4.1803570668E-02   8.0790604663E-02  -9.8393086964E-03  -4.3613806869E-03
    2      9.4401699847E-03   8.0790604663E-02   1.5641085884E-01  -1.9115055319E-02  -1.0006824826E-02
    3     -1.6918101568E-01  -9.8393086964E-03  -1.9115055319E-02   1.7566837752E-01   1.0347569445E-02
    4     -1.9409553168E-02  -4.3613806869E-03  -1.0006824826E-02   1.0347569445E-02   4.1605288444E-03
    5     -3.7545322884E-02  -1.0027739518E-02  -1.8576409907E-02   2.0093170993E-02   9.9328327286E-03
    6     -1.9926453302E-02   4.9542428081E-03   9.7492857858E-03  -6.5283666514E-03   9.0587562295E-03
    7      1.4437074496E-02  -3.7444946900E-02  -7.0787628818E-02  -4.6263209253E-04   2.3733996046E-04
    8      2.8030094261E-02  -7.0766393021E-02  -1.3783509476E-01  -9.0567458322E-04   7.1278158142E-05
                    5                  6                  7                  8        
     0     -3.7545322884E-02  -1.9926453302E-02   1.4437074496E-02   2.8030094261E-02
     1     -1.0027739518E-02   4.9542428081E-03  -3.7444946900E-02  -7.0766393021E-02
     2     -1.8576409907E-02   9.7492857858E-03  -7.0787628818E-02  -1.3783509476E-01
     3      2.0093170993E-02  -6.5283666514E-03  -4.6263209253E-04  -9.0567458322E-04
     4      9.9328327286E-03   9.0587562295E-03   2.3733996046E-04   7.1278158142E-05
     5      1.8132684641E-02   1.7446744826E-02   9.1833433367E-05   4.7426219450E-04
     6      1.7446744826E-02   2.6473692884E-02  -1.4012047087E-02  -2.7193413064E-02
     7      9.1833433367E-05  -1.4012047087E-02   3.7173875180E-02   7.0702037199E-02
     8      4.7426219450E-04  -2.7193413064E-02   7.0702037199E-02   1.3733094142E-01

$vibrational_frequencies
9
    0        0.000000
    1        0.000000
    2        0.000000
    3        0.000000
    4        0.000000
    5        0.000000
    6     1044.467365
    7     2198.648831
    8     2207.557621

$normal_modes
9 9
                    0                  1                  2                  3                  4        
    0      0.0000000000E+00   0.0000000000E+00   0.0000000000E+00   0.0000000000E+00   0.0000000000E+00
    1      0.0000000000E+00   0.0000000000E+00   0.0000000000E+00   0.0000000000E+00   0.0000000000E+00
    2      0.0000000000E+00   0.0000000000E+00   0.0000000000E+00   0.0000000000E+00   0.0000000000E+00
    3      0.0000000000E+00   0.0000000000E+00   0.0000000000E+00   0.0000000000E+00   0.0000000000E+00
    4      0.0000000000E+00   0.0000000000E+00   0.0000000000E+00   0.0000000000E+00   0.0000000000E+00
    5      0.0000000000E+00   0.0000000000E+00   0.0000000000E+00   0.0000000000E+00   0.0000000000E+00
    6      0.0000000000E+00   0.0000000000E+00   0.0000000000E+00   0.0000000000E+00   0.0000000000E+00
    7      0.0000000000E+00   0.0000000000E+00   0.0000000000E+00   0.0000000000E+00   0.0000000000E+00
    8      0.0000000000E+00   0.0000000000E+00   0.0000000000E+00   0.0000000000E+00   0.0000000000E+00
                    5                  6                  7                  8        
     0      0.0000000000E+00  -1.9024950152E-02   2.7017407778E-02  -1.7503361593E-02
     1      0.0000000000E+00  -1.2348911529E-02   7.3293722027E-03   1.2613433819E-02
     2      0.0000000000E+00  -2.3817916695E-02   1.4136499087E-02   2.4328113067E-02
     3      0.0000000000E+00  -1.1098221011E-01  -9.1858206261E-01   3.6533704520E-01
     4      0.0000000000E+00   3.2111011999E-01  -5.8437266272E-02   3.1974967406E-02
     5      0.0000000000E+00   6.1933993696E-01  -1.1271065767E-01   6.1671598199E-02
     6      0.0000000000E+00   6.9558420020E-01   8.8386439085E-02   1.7250930595E-01
     7      0.0000000000E+00   5.8349389633E-02  -1.6678096250E-01  -4.1956276413E-01
     8      0.0000000000E+00   1.1254116593E-01  -3.2167815454E-01  -8.0923010429E-01

#
# The atoms: label  mass x y z (in bohrs)
#
$atoms
3
 P     30.97400     -2.748577416837     0.939698009298    -0.210320192549
 H      1.00800     -0.048214079259     1.143369069967     0.182509600169
 H      1.00800     -3.229462200174     2.178453182245     2.178924191087

$actual_temperature
  0.000000

$frequency_scale_factor
  1.000000

$dipole_derivatives
9
    5.5376937777E-01    3.3261245433E-02    5.5615001524E-02
    2.5943847078E-02    7.9023113014E-02    2.4351894098E-01
    4.7761503192E-02    2.4130757813E-01    4.5151099594E-01
   -4.8676370857E-01   -2.9309686140E-02   -5.8785517779E-02
   -6.6420482895E-02    3.3287293864E-02   -4.2494673022E-02
   -1.2843166616E-01   -4.3389549621E-02   -3.3593676184E-02
   -5.8408869532E-02   -3.5717872093E-03    2.4493533297E-03
    4.2086757502E-02   -1.0911372718E-01   -2.0122090629E-01
    8.4144861406E-02   -1.9873446508E-01   -4.1454547501E-01

#
# The IR spectrum
#  wavenumber T**2 TX TY  TY
#
$ir_spectrum
9
      0.00       0.0000       0.0000       0.0000       0.0000
      0.00       0.0000       0.0000       0.0000       0.0000
      0.00       0.0000       0.0000       0.0000       0.0000
      0.00       0.0000       0.0000       0.0000       0.0000
      0.00       0.0000       0.0000       0.0000       0.0000
      0.00       0.0000       0.0000       0.0000       0.0000
   1044.47      18.9322      -2.6798      -1.5766      -3.0439
   2198.65     249.2146      13.5512       3.5733       7.2671
   2207.56     273.8513      -8.9387       6.1228      12.5085

$job_list
9
    0    1    1    1
    1    1    1    1
    2    1    1    1


$end

