
$orca_hessian_file

$act_atom
  0

$act_coord
  0

$act_energy
      -93.336057

$hessian
9
                    0                  1                  2                  3                  4        
    0      1.3835638825E+00  -6.5578707076E-02  -5.1024657671E-01  -9.4973861627E-01   4.5224032601E-02
    1     -6.5578707076E-02   6.4571940543E-02   2.5162314068E-02   4.5930062045E-02  -3.8662227303E-02
    2     -5.1024657671E-01   2.5162314068E-02   3.1960631312E-01   4.8647810423E-01  -2.3929379040E-02
    3     -9.4973861627E-01   4.5930062045E-02   4.8647810423E-01   9.4212530722E-01  -4.6243851982E-02
    4      4.5224032601E-02  -3.8662227303E-02  -2.3929379040E-02  -4.6243851982E-02   2.3037647751E-02
    5      5.1855364737E-01  -2.5343411177E-02  -3.0548209986E-01  -5.0861703751E-01   2.4799468580E-02
    6     -4.3355987845E-01   2.0240684485E-02   2.3666318162E-02   7.4111049883E-03   4.0815581785E-04
    7      2.0259124279E-02  -2.5909437868E-02  -1.1701379821E-03   4.3072308661E-04   1.5604382429E-02
    8     -8.1574841938E-03   4.0545285274E-04  -1.3926330282E-02   2.1975639348E-02  -1.0908487744E-03
                    5                  6                  7                  8        
     0      5.1855364737E-01  -4.3355987845E-01   2.0259124279E-02  -8.1574841938E-03
     1     -2.5343411177E-02   2.0240684485E-02  -2.5909437868E-02   4.0545285274E-04
     2     -3.0548209986E-01   2.3666318162E-02  -1.1701379821E-03  -1.3926330282E-02
     3     -5.0861703751E-01   7.4111049883E-03   4.3072308661E-04   2.1975639348E-02
     4      2.4799468580E-02   4.0815581785E-04   1.5604382429E-02  -1.0908487744E-03
     5      3.0150390067E-01  -9.8563514761E-03   4.8215469934E-04   3.7916985217E-03
     6     -9.8563514761E-03   4.2609032461E-01  -2.0673032204E-02  -1.3793725516E-02
     7      4.8215469934E-04  -2.0673032204E-02   1.0323883918E-02   6.8282194020E-04
     8      3.7916985217E-03  -1.3793725516E-02   6.8282194020E-04   1.0121881739E-02

$vibrational_frequencies
9
    0        0.000000
    1        0.000000
    2        0.000000
    3        0.000000
    4        0.000000
    5        0.000000
    6      627.508796
    7     2163.842961
    8     3532.465824

$normal_modes
9 9
                    0                  1                  2                  3                  4        
    0      0.0000000000E+00   0.0000000000E+00   0.0000000000E+00   0.0000000000E+00   0.0000000000E+00
    1      0.0000000000E+00   0.0000000000E+00   0.0000000000E+00   0.0000000000E+00   0.0000000000E+00
    2      0.0000000000E+00   0.0000000000E+00   0.0000000000E+00   0.0000000000E+00   0.0000000000E+00
    3      0.0000000000E+00   0.0000000000E+00   0.0000000000E+00   0.0000000000E+00   0.0000000000E+00
    4      0.0000000000E+00   0.0000000000E+00   0.0000000000E+00   0.0000000000E+00   0.0000000000E+00
    5      0.0000000000E+00   0.0000000000E+00   0.0000000000E+00   0.0000000000E+00   0.0000000000E+00
    6      0.0000000000E+00   0.0000000000E+00   0.0000000000E+00   0.0000000000E+00   0.0000000000E+00
    7      0.0000000000E+00   0.0000000000E+00   0.0000000000E+00   0.0000000000E+00   0.0000000000E+00
    8      0.0000000000E+00   0.0000000000E+00   0.0000000000E+00   0.0000000000E+00   0.0000000000E+00
                    5                  6                  7                  8        
     0      0.0000000000E+00  -4.7947767642E-02   4.0291204269E-01   1.0847599525E-01
     1      0.0000000000E+00   2.4029691157E-03  -1.9921020270E-02  -5.3724610135E-03
     2      0.0000000000E+00  -1.4204192890E-01  -2.4956687826E-01  -1.8680459333E-02
     3      0.0000000000E+00   4.1799026894E-02  -3.9899198301E-01  -2.1625114701E-02
     4      0.0000000000E+00  -2.0810813536E-03   1.9731940273E-02   1.0690318189E-03
     5      0.0000000000E+00   5.0811583846E-02   2.2195193140E-01   1.4299263434E-02
     6      0.0000000000E+00  -9.5023140469E-03   7.4335730291E-01  -9.9206567196E-01
     7      0.0000000000E+00   2.8536157833E-04  -3.6819358082E-02   4.9161409272E-02
     8      0.0000000000E+00   9.8645610432E-01  -1.1044933376E-01   2.3890093381E-02

#
# The atoms: label  mass x y z (in bohrs)
#
$atoms
3
 C     12.01100     -1.911061141973     1.815945556475     0.000001889726
 N     14.00700     -0.019023872990     1.722383325858    -1.092293830751
 H      1.00800     -3.908463871005     1.914935080548     0.000005669178

$actual_temperature
  0.000000

$frequency_scale_factor
  1.000000

$dipole_derivatives
9
   -1.6756974458E-01    9.7783255250E-03    1.5996962909E-01
    1.0281179184E-02    2.6704556809E-02   -7.9497345128E-03
    2.3467272632E-01   -1.1593164929E-02   -1.4763080755E-01
   -9.8361754376E-02   -9.3208560273E-03   -1.7839706341E-01
   -1.0553855546E-02   -2.8743967930E-01    9.2054583654E-03
   -1.7361369568E-01    8.5752684796E-03   -1.4760443964E-01
    2.7036258516E-01   -4.9778058899E-04    2.0374872776E-02
    7.4775668910E-04    2.6202790454E-01   -1.6929075933E-03
   -6.0513731896E-02    2.9915735538E-03    2.9429264127E-01

#
# The IR spectrum
#  wavenumber eps Int TX TY TZ
#
$ir_spectrum
9
      0.00   0.00000000   0.00000000     0.000000     0.000000     0.000000
      0.00   0.00000000   0.00000000     0.000000     0.000000     0.000000
      0.00   0.00000000   0.00000000     0.000000     0.000000     0.000000
      0.00   0.00000000   0.00000000     0.000000     0.000000     0.000000
      0.00   0.00000000   0.00000000     0.000000     0.000000     0.000000
      0.00   0.00000000   0.00000000     0.000000     0.000000     0.000000
    627.51   0.01372134  69.34204536    -0.027165     0.001330     0.078000
   2163.84   0.00067799   3.42629170     0.005483    -0.000274     0.008224
   3532.47   0.01440600  72.80201838    -0.035614     0.001777     0.001052


$end

