
$orca_hessian_file

$act_atom
  0

$act_coord
  0

$act_energy
      -93.293152

$hessian
9
                    0                  1                  2                  3                  4        
    0      4.8793971450E-01  -2.3368677943E-02  -3.9181976507E-01  -7.6635531763E-02   3.2579290657E-03
    1     -2.3368677943E-02   1.6872698440E-02   1.9299387855E-02   3.2974633709E-03  -1.0183097877E-02
    2     -3.9181976507E-01   1.9299387855E-02   1.0590689878E+00   3.4056667963E-01  -1.6739764903E-02
    3     -7.6635531763E-02   3.2974633709E-03   3.4056667963E-01   9.5618018842E-02  -5.0247443344E-03
    4      3.2579290657E-03  -1.0183097877E-02  -1.6739764903E-02  -5.0247443344E-03  -6.1014355842E-03
    5      3.5956273597E-01  -1.7512993919E-02  -1.1012503252E+00  -3.4887802201E-01   1.6982898678E-02
    6     -4.1084159197E-01   2.0072582572E-02   5.0911198398E-02  -1.9457078691E-02   1.7583817503E-03
    7      2.0111591603E-02  -6.5335089806E-03  -2.5025387237E-03   1.7787410488E-03   1.6074082959E-02
    8      3.2716378382E-02  -1.6270381840E-03   4.2241791398E-02   7.8604169349E-03  -3.9189941531E-04
                    5                  6                  7                  8        
     0      3.5956273597E-01  -4.1084159197E-01   2.0111591603E-02   3.2716378382E-02
     1     -1.7512993919E-02   2.0072582572E-02  -6.5335089806E-03  -1.6270381840E-03
     2     -1.1012503252E+00   5.0911198398E-02  -2.5025387237E-03   4.2241791398E-02
     3     -3.4887802201E-01  -1.9457078691E-02   1.7787410488E-03   7.8604169349E-03
     4      1.6982898678E-02   1.7583817503E-03   1.6074082959E-02  -3.9189941531E-04
     5      1.1286284039E+00  -1.0338917612E-02   4.8115606596E-04  -2.7376749941E-02
     6     -1.0338917612E-02   4.3031411656E-01  -2.1884228029E-02  -4.0578915639E-02
     7      4.8115606596E-04  -2.1884228029E-02  -9.4900198571E-03   2.0118371841E-03
     8     -2.7376749941E-02  -4.0578915639E-02   2.0118371841E-03  -1.4930180939E-02

$vibrational_frequencies
9
    0        0.000000
    1        0.000000
    2        0.000000
    3        0.000000
    4        0.000000
    5        0.000000
    6     -714.997981
    7     2211.547400
    8     3511.440027

$normal_modes
9 9
                    0                  1                  2                  3                  4        
    0      0.0000000000E+00   0.0000000000E+00   0.0000000000E+00   0.0000000000E+00   0.0000000000E+00
    1      0.0000000000E+00   0.0000000000E+00   0.0000000000E+00   0.0000000000E+00   0.0000000000E+00
    2      0.0000000000E+00   0.0000000000E+00   0.0000000000E+00   0.0000000000E+00   0.0000000000E+00
    3      0.0000000000E+00   0.0000000000E+00   0.0000000000E+00   0.0000000000E+00   0.0000000000E+00
    4      0.0000000000E+00   0.0000000000E+00   0.0000000000E+00   0.0000000000E+00   0.0000000000E+00
    5      0.0000000000E+00   0.0000000000E+00   0.0000000000E+00   0.0000000000E+00   0.0000000000E+00
    6      0.0000000000E+00   0.0000000000E+00   0.0000000000E+00   0.0000000000E+00   0.0000000000E+00
    7      0.0000000000E+00   0.0000000000E+00   0.0000000000E+00   0.0000000000E+00   0.0000000000E+00
    8      0.0000000000E+00   0.0000000000E+00   0.0000000000E+00   0.0000000000E+00   0.0000000000E+00
                    5                  6                  7                  8        
     0      0.0000000000E+00  -8.1554255849E-02   1.6778821665E-01   8.0415597828E-02
     1      0.0000000000E+00   4.0442066058E-03  -8.2960351994E-03  -3.9847001140E-03
     2      0.0000000000E+00  -8.0183769428E-02  -6.3513964037E-01  -2.0501607740E-02
     3      0.0000000000E+00   6.8167569852E-02  -1.7136339300E-01   2.4228516241E-03
     4      0.0000000000E+00  -3.3782471975E-03   8.4753831697E-03  -1.2043113480E-04
     5      0.0000000000E+00  -2.5425856484E-03   5.6425227006E-01   1.1678440479E-02
     6      0.0000000000E+00   2.4528785802E-02   3.8192735680E-01  -9.9187363909E-01
     7      0.0000000000E+00  -1.2458899279E-03  -1.8919656030E-02   4.9153880927E-02
     8      0.0000000000E+00   9.9077505137E-01  -2.7263822049E-01   8.2008824185E-02

#
# The atoms: label  mass x y z (in bohrs)
#
$atoms
3
 C     12.01100     -1.911061141973     1.815945556475     0.000001889726
 N     14.00700     -1.339553157018     1.787686591868    -2.110506617600
 H      1.00800     -3.908463871005     1.914935080548     0.000005669178

$actual_temperature
  0.000000

$frequency_scale_factor
  1.000000

$dipole_derivatives
9
   -6.0205148831E-02    6.3240465775E-04   -1.0512991956E-01
    8.5870713809E-04   -5.0439079360E-02    4.4862337860E-03
    1.5589737709E-01   -7.7172440053E-03   -5.0893090260E-01
   -2.6362478935E-01    3.4551211999E-03    1.1521689171E-01
    2.9796451536E-03   -1.9792934359E-01   -4.7810184816E-03
   -6.4153751039E-02    3.1730595516E-03    6.5396077988E-02
    3.2713808812E-01   -4.0201697698E-03   -1.0133455080E-02
   -2.8147510054E-03    2.4981960506E-01   -3.5526580741E-04
   -9.1826881241E-02    4.5476575227E-03    4.4400498704E-01

#
# The IR spectrum
#  wavenumber eps Int TX TY TZ
#
$ir_spectrum
9
      0.00   0.00000000   0.00000000     0.000000     0.000000     0.000000
      0.00   0.00000000   0.00000000     0.000000     0.000000     0.000000
      0.00   0.00000000   0.00000000     0.000000     0.000000     0.000000
      0.00   0.00000000   0.00000000     0.000000     0.000000     0.000000
      0.00   0.00000000   0.00000000     0.000000     0.000000     0.000000
      0.00   0.00000000   0.00000000     0.000000     0.000000     0.000000
   -715.00   0.00000000   0.00000000     0.000000     0.000000     0.000000
   2211.55   0.00078091   3.94641436     0.002568    -0.000131     0.010177
   3511.44   0.02121563 107.21510082    -0.042921     0.002151     0.006214


$end

