
$orca_hessian_file

$act_atom
  0

$act_coord
  0

$act_energy
      -93.316712

$hessian
9
                    0                  1                  2                  3                  4        
    0      1.2964118395E+00  -6.3245562422E-02  -5.2041125216E-01  -9.4367227441E-01   4.7465662890E-02
    1     -6.3245562422E-02   3.5446749151E-02   2.5474673411E-02   4.6916965268E-02  -4.8643206109E-05
    2     -5.2041125216E-01   2.5474673411E-02   2.9873635188E-01   4.9842266316E-01  -2.4380340859E-02
    3     -9.4367227441E-01   4.6916965268E-02   4.9842266316E-01   9.3526292461E-01  -4.6833436698E-02
    4      4.7465662890E-02  -4.8643206109E-05  -2.4380340859E-02  -4.6833436698E-02  -5.9446388693E-03
    5      5.3293084153E-01  -2.6277236749E-02  -2.7459577789E-01  -5.2094799540E-01   2.5689722390E-02
    6     -3.5253756028E-01   1.5777215093E-02   2.1938797851E-02   8.2623775552E-03  -1.2002466127E-04
    7      1.5650860596E-02  -3.5146080930E-02  -1.0937664810E-03  -6.1035424087E-05   6.0780690209E-03
    8     -1.2468849789E-02   6.1540298880E-04  -2.4375699960E-02   2.2513243909E-02  -1.1129669168E-03
                    5                  6                  7                  8        
     0      5.3293084153E-01  -3.5253756028E-01   1.5650860596E-02  -1.2468849789E-02
     1     -2.6277236749E-02   1.5777215093E-02  -3.5146080930E-02   6.1540298880E-04
     2     -2.7459577789E-01   2.1938797851E-02  -1.0937664810E-03  -2.4375699960E-02
     3     -5.2094799540E-01   8.2623775552E-03  -6.1035424087E-05   2.2513243909E-02
     4      2.5689722390E-02  -1.2002466127E-04   6.0780690209E-03  -1.1129669168E-03
     5      2.8044902718E-01  -1.1917937391E-02   5.8647100918E-04  -5.6191912270E-03
     6     -1.1917937391E-02   3.4422829624E-01  -1.5550803948E-02  -1.0056165262E-02
     7      5.8647100918E-04  -1.5550803948E-02   2.8729903074E-02   5.0233193795E-04
     8     -5.6191912270E-03  -1.0056165262E-02   5.0233193795E-04   2.9991361447E-02

$vibrational_frequencies
9
    0        0.000000
    1        0.000000
    2        0.000000
    3        0.000000
    4        0.000000
    5        0.000000
    6      888.122389
    7     2168.049244
    8     3164.674600

$normal_modes
9 9
                    0                  1                  2                  3                  4        
    0      0.0000000000E+00   0.0000000000E+00   0.0000000000E+00   0.0000000000E+00   0.0000000000E+00
    1      0.0000000000E+00   0.0000000000E+00   0.0000000000E+00   0.0000000000E+00   0.0000000000E+00
    2      0.0000000000E+00   0.0000000000E+00   0.0000000000E+00   0.0000000000E+00   0.0000000000E+00
    3      0.0000000000E+00   0.0000000000E+00   0.0000000000E+00   0.0000000000E+00   0.0000000000E+00
    4      0.0000000000E+00   0.0000000000E+00   0.0000000000E+00   0.0000000000E+00   0.0000000000E+00
    5      0.0000000000E+00   0.0000000000E+00   0.0000000000E+00   0.0000000000E+00   0.0000000000E+00
    6      0.0000000000E+00   0.0000000000E+00   0.0000000000E+00   0.0000000000E+00   0.0000000000E+00
    7      0.0000000000E+00   0.0000000000E+00   0.0000000000E+00   0.0000000000E+00   0.0000000000E+00
    8      0.0000000000E+00   0.0000000000E+00   0.0000000000E+00   0.0000000000E+00   0.0000000000E+00
                    5                  6                  7                  8        
     0      0.0000000000E+00  -3.7961705157E-02  -3.2758236071E-01   1.0040123051E-01
     1      0.0000000000E+00   1.9047450291E-03   1.6196677960E-02  -4.9720408058E-03
     2      0.0000000000E+00  -1.2437377466E-01   2.0209230968E-01  -1.9966710216E-02
     3      0.0000000000E+00   4.4180362003E-02   4.4564731197E-01  -3.3795004774E-02
     4      0.0000000000E+00  -2.2012176457E-03  -2.2039578977E-02   1.6708160062E-03
     5      0.0000000000E+00   6.2078327953E-02  -2.4618433543E-01   2.1448574501E-02
     6      0.0000000000E+00   1.0707104206E-03  -7.5815846989E-01  -9.9246848553E-01
     7      0.0000000000E+00  -2.3902627025E-04   3.7550113991E-02   4.9181750512E-02
     8      0.0000000000E+00   9.8857208789E-01   1.2521138009E-01   2.1879842913E-02

#
# The atoms: label  mass x y z (in bohrs)
#
$atoms
3
 N     14.00700     -1.911061141973     1.815945556475     0.000001889726
 C     12.01100     -0.019023872990     1.722383325858    -1.092293830751
 H      1.00800     -3.908463871005     1.914935080548     0.000005669178

$actual_temperature
  0.000000

$frequency_scale_factor
  1.000000

$dipole_derivatives
9
   -9.1808606584E-01    3.4387643765E-02    4.5170022594E-01
    3.5052148761E-02   -2.2623572393E-01   -2.2596564960E-02
    5.5087456407E-01   -2.7225855862E-02   -5.0893498547E-01
    4.9755454270E-01   -3.3999567402E-02   -4.6405406534E-01
   -3.4416296570E-02   -1.8741629621E-01    2.2818358659E-02
   -4.7616564643E-01    2.3533534278E-02    8.7174675832E-02
    4.2255555957E-01   -4.6964085420E-04    1.0163432424E-02
   -5.4888784903E-03    4.2190112943E-01    4.9394390312E-03
   -7.2995390291E-02    3.6072325773E-03    4.2437938688E-01

#
# The IR spectrum
#  wavenumber eps Int TX TY TZ
#
$ir_spectrum
9
      0.00   0.00000000   0.00000000     0.000000     0.000000     0.000000
      0.00   0.00000000   0.00000000     0.000000     0.000000     0.000000
      0.00   0.00000000   0.00000000     0.000000     0.000000     0.000000
      0.00   0.00000000   0.00000000     0.000000     0.000000     0.000000
      0.00   0.00000000   0.00000000     0.000000     0.000000     0.000000
      0.00   0.00000000   0.00000000     0.000000     0.000000     0.000000
    888.12   0.03221299 162.79126914    -0.025840     0.001257     0.103197
   2168.05   0.01224129  61.86243805     0.029257    -0.001426    -0.030066
   3164.67   0.05152134 260.36771650    -0.070579     0.003551     0.009295


$end

