
$orca_hessian_file

$act_atom
  0

$act_coord
  0

$act_energy
      -93.309997

$hessian
9
                    0                  1                  2                  3                  4        
    0      7.5024567551E-01  -3.5302836310E-02  -5.6824710190E-01  -3.3102264948E-01   1.5379482904E-02
    1     -3.5302836310E-02   3.7755270767E-02   2.8219107137E-02   1.5124859947E-02  -2.2365700638E-02
    2     -5.6824710190E-01   2.8219107137E-02   8.5371193277E-01   5.2525225057E-01  -2.6250791413E-02
    3     -3.3102264948E-01   1.5124859947E-02   5.2525225057E-01   3.3909049729E-01  -1.6479027646E-02
    4      1.5379482904E-02  -2.2365700638E-02  -2.6250791413E-02  -1.6479027646E-02   6.4843190199E-03
    5      5.5945153441E-01  -2.8173796738E-02  -8.7463490586E-01  -5.4696180907E-01   2.7728078906E-02
    6     -4.1865958510E-01   1.9999397300E-02   4.3016164832E-02  -8.6036371977E-03   1.2556536903E-03
    7      2.0019844314E-02  -1.5937840035E-02  -2.1125800563E-03   1.2739974405E-03   1.6403850922E-02
    8      8.8592424128E-03  -4.4586166220E-04   2.0758943456E-02   2.1625471790E-02  -1.0653476257E-03
                    5                  6                  7                  8        
     0      5.5945153441E-01  -4.1865958510E-01   2.0019844314E-02   8.8592424128E-03
     1     -2.8173796738E-02   1.9999397300E-02  -1.5937840035E-02  -4.4586166220E-04
     2     -8.7463490586E-01   4.3016164832E-02  -2.1125800563E-03   2.0758943456E-02
     3     -5.4696180907E-01  -8.6036371977E-03   1.2739974405E-03   2.1625471790E-02
     4      2.7728078906E-02   1.2556536903E-03   1.6403850922E-02  -1.0653476257E-03
     5      8.9479380338E-01  -1.2459755857E-02   5.8807932577E-04  -2.0002860086E-02
     6     -1.2459755857E-02   4.2723481357E-01  -2.1271505158E-02  -3.0539027937E-02
     7      5.8807932577E-04  -2.1271505158E-02  -4.3944546483E-04   1.5144501844E-03
     8     -2.0002860086E-02  -3.0539027937E-02   1.5144501844E-03  -7.4898017099E-04

$vibrational_frequencies
9
    0        0.000000
    1        0.000000
    2        0.000000
    3        0.000000
    4        0.000000
    5        0.000000
    6     -170.951863
    7     2195.800627
    8     3509.389755

$normal_modes
9 9
                    0                  1                  2                  3                  4        
    0      0.0000000000E+00   0.0000000000E+00   0.0000000000E+00   0.0000000000E+00   0.0000000000E+00
    1      0.0000000000E+00   0.0000000000E+00   0.0000000000E+00   0.0000000000E+00   0.0000000000E+00
    2      0.0000000000E+00   0.0000000000E+00   0.0000000000E+00   0.0000000000E+00   0.0000000000E+00
    3      0.0000000000E+00   0.0000000000E+00   0.0000000000E+00   0.0000000000E+00   0.0000000000E+00
    4      0.0000000000E+00   0.0000000000E+00   0.0000000000E+00   0.0000000000E+00   0.0000000000E+00
    5      0.0000000000E+00   0.0000000000E+00   0.0000000000E+00   0.0000000000E+00   0.0000000000E+00
    6      0.0000000000E+00   0.0000000000E+00   0.0000000000E+00   0.0000000000E+00   0.0000000000E+00
    7      0.0000000000E+00   0.0000000000E+00   0.0000000000E+00   0.0000000000E+00   0.0000000000E+00
    8      0.0000000000E+00   0.0000000000E+00   0.0000000000E+00   0.0000000000E+00   0.0000000000E+00
                    5                  6                  7                  8        
     0      0.0000000000E+00  -7.6992218947E-02   2.7944911050E-01   8.8940605516E-02
     1      0.0000000000E+00   3.8220871974E-03  -1.3816690784E-02  -4.4063028249E-03
     2      0.0000000000E+00  -1.0205166279E-01  -5.1755784965E-01  -2.4087509744E-02
     3      0.0000000000E+00   6.5608246583E-02  -2.7979984905E-01  -4.8358690259E-03
     4      0.0000000000E+00  -3.2525127950E-03   1.3837687713E-02   2.3863155218E-04
     5      0.0000000000E+00   1.6303833260E-02   4.6010421306E-01   1.6369469688E-02
     6      0.0000000000E+00   5.7329681324E-03   5.5822740027E-01  -9.9258888433E-01
     7      0.0000000000E+00  -3.4637163509E-04  -2.7651010709E-02   4.9188086388E-02
     8      0.0000000000E+00   9.8945905689E-01  -2.2648053591E-01   5.9551505562E-02

#
# The atoms: label  mass x y z (in bohrs)
#
$atoms
3
 C     12.01100     -1.911061141973     1.815945556475     0.000001889726
 N     14.00700     -0.827301314443     1.762354813043    -1.898486904278
 H      1.00800     -3.908463871005     1.914935080548     0.000005669178

$actual_temperature
  0.000000

$frequency_scale_factor
  1.000000

$dipole_derivatives
9
   -3.3626385851E-02    9.6071182685E-04    2.9064667203E-02
    1.3276909071E-03   -1.7830247824E-02   -1.8315823754E-03
    2.1793921654E-01   -1.0777891377E-02   -4.5556219006E-01
   -2.6727449044E-01    1.5755887220E-03   -4.1178407421E-02
    2.7289111947E-03   -2.3307924360E-01    2.3545291573E-03
   -1.2164825323E-01    6.0149629989E-03    7.2066272994E-02
    3.0504187248E-01   -2.5223818917E-03    1.2773946550E-02
   -1.4970097942E-03    2.5730380245E-01   -1.4148304556E-03
   -9.5772965061E-02    4.7376568475E-03    3.8575735530E-01

#
# The IR spectrum
#  wavenumber eps Int TX TY TZ
#
$ir_spectrum
9
      0.00   0.00000000   0.00000000     0.000000     0.000000     0.000000
      0.00   0.00000000   0.00000000     0.000000     0.000000     0.000000
      0.00   0.00000000   0.00000000     0.000000     0.000000     0.000000
      0.00   0.00000000   0.00000000     0.000000     0.000000     0.000000
      0.00   0.00000000   0.00000000     0.000000     0.000000     0.000000
      0.00   0.00000000   0.00000000     0.000000     0.000000     0.000000
   -170.95   0.00000000   0.00000000     0.000000     0.000000     0.000000
   2195.80   0.00115285   5.82604404     0.005009    -0.000249     0.011777
   3509.39   0.01774674  89.68476930    -0.039552     0.001981     0.003135


$end

