
$orca_opt_file

$trust
    0.300000000000

$epredict
    0.000000000000

$ediffsc
  1000.000000000000

$ctyp
  3

$coordinates
 6 9
  -2.63894654   1.01028892  -0.07416823   0.32609232   0.96824601  -0.15525835
  -3.71339948   2.28298533   2.38054018
  -2.68316621   0.98167116  -0.12936463   0.12326189   1.05580549   0.01362167
  -3.46634937   2.22404361   2.26685656
  -2.72915629   0.95203831  -0.18651889  -0.10261942   1.15170108   0.19857994
  -3.19447799   2.15778087   2.13905254
  -2.73758871   0.94649550  -0.19720956  -0.05948345   1.14178740   0.17945896
  -3.22918154   2.17323736   2.16886420
  -2.74378456   0.94248901  -0.20493705  -0.06655086   1.14710650   0.18971816
  -3.21591827   2.17192474   2.16633249
  -2.74560887   0.94130728  -0.20721633  -0.06864799   1.14867824   0.19274965
  -3.21199684   2.17153474   2.16558028

# redundant internal coordinates
#  nbonds nangles ndihedrals nimpropers ncartesians
# bond  definitions A B
# angle definitions A B C
# dihedral definitions A B C D
# improper torsion definitions A B C D
# cartesian definitions A x/y/z
$redundant_internals
 2 1 0 0 0
   1   0   0
   2   0   0
   1   0   2   0   0
$energies
 6
 -341.2009696968136154
 -341.2171483748954870
 -341.2219858620704827
 -341.2225244173957321
 -341.2225501563498256
 -341.2225510453524180

$gradients
 6 9
  -0.0050407164853360  -0.0033129461794350  -0.0065324819927520   0.0349035415344978
  -0.0088855017045623  -0.0171010753464821  -0.0298628250247012   0.0121984478847176
   0.0236335573393813
  -0.0020564022672456  -0.0013671818807051  -0.0027711233936856   0.0180072368002674
  -0.0048239578759768  -0.0092837368116045  -0.0159508344992393   0.0061911397465398
   0.0120548602064026
   0.0089718608370591   0.0058480636942618   0.0112531677064615  -0.0108139838764887
  -0.0008151034506964  -0.0016143914209035   0.0018421230578593  -0.0050329602514027
  -0.0096387762834928
   0.0012925833138974   0.0008330566491271   0.0015592537602022  -0.0002931083389993
  -0.0004897021798720  -0.0009808526710111  -0.0009994749520269  -0.0003433544740351
  -0.0005784010879472
   0.0003093199637594   0.0001988072807420   0.0003416670495409  -0.0000590255858343
  -0.0000864911169385  -0.0002070081369157  -0.0002502943622587  -0.0001123161730084
  -0.0001346589117360
   0.0000195527840988   0.0000110695862955  -0.0000187969455882   0.0000085360324112
   0.0000329123154761   0.0000221785412274  -0.0000280888116817  -0.0000439819068682
  -0.0000033815941578

$redundant_coords
 6 3
   2.9664454540609495   2.9664454541532375   1.9722220489974389
   2.8110460075765191   2.8104699199967444   1.7958738899165942
   2.6621161204879353   2.6605679640704225   1.5829201598988651
   2.7115062007624942   2.7101409772426708   1.5960745872140683
   2.7138904375440083   2.7124420143607897   1.5812042773599153
   2.7146077231615720   2.7131422891738666   1.5768181235840617

$redundant_gradients
 6 3
   0.0354776659044267   0.0356091866072460   0.0539742531047362
   0.0173642995643799   0.0174737113570672   0.0323509750158441
  -0.0109804852420105  -0.0110118380697804   0.0001465898232513
  -0.0004776422259130  -0.0004624661782340   0.0029026522895924
  -0.0001110761853423  -0.0001088306463720   0.0006609213539702
  -0.0000018987106332  -0.0000019647711963  -0.0000017024379448

$hessian_approx
 9 9
                  0          1          2          3          4          5    
      0       0.271281  -0.011347  -0.021888  -0.220282  -0.010745  -0.020662
      1      -0.011347   0.053883   0.103925  -0.005294  -0.009027  -0.017371
      2      -0.021888   0.103925   0.200446  -0.010388  -0.017351  -0.033389
      3      -0.220282  -0.005294  -0.010388   0.207442   0.003260   0.006325
      4      -0.010745  -0.009027  -0.017351   0.003260   0.004730   0.009081
      5      -0.020662  -0.017371  -0.033389   0.006325   0.009081   0.017437
      6      -0.050996   0.016640   0.032276   0.012840   0.007485   0.014338
      7       0.022091  -0.044856  -0.086575   0.002034   0.004296   0.008288
      8       0.042550  -0.086555  -0.167056   0.004063   0.008268   0.015953
                   6          7          8    
      0      -0.050996   0.022091   0.042550
      1       0.016640  -0.044856  -0.086555
      2       0.032276  -0.086575  -0.167056
      3       0.012840   0.002034   0.004063
      4       0.007485   0.004296   0.008268
      5       0.014338   0.008288   0.015953
      6       0.038156  -0.024126  -0.046615
      7      -0.024126   0.040560   0.078286
      8      -0.046615   0.078286   0.151101

$bmatrix
 3 9
                  0          1          2          3          4          5    
      0      -0.986132  -0.076391  -0.147338   0.986132   0.076391   0.147338
      1       0.171900  -0.453433  -0.874557   0.000000   0.000000   0.000000
      2       0.301952   0.196370   0.378747   0.061137  -0.167207  -0.322500
                   6          7          8    
      0       0.000000   0.000000   0.000000
      1      -0.171900   0.453433   0.874557
      2      -0.363090  -0.029163  -0.056248

