
$orca_opt_file

$trust
    0.300000000000

$epredict
    0.000000000000

$ediffsc
  1000.000000000000

$ctyp
  3

$coordinates
 6 9
  -2.63894654   1.01028892  -0.07416823   0.32609232   0.96824601  -0.15525835
  -3.71339948   2.28298533   2.38054018
  -2.68592984   0.97971248  -0.13314243   0.13333066   1.05392010   0.00998523
  -3.47365451   2.22788769   2.27427080
  -2.73687805   0.94664316  -0.19692477  -0.08700857   1.15048631   0.19623696
  -3.20236708   2.16439079   2.15180141
  -2.74325433   0.94257756  -0.20476627  -0.04587306   1.14019848   0.17639434
  -3.23712630   2.17874422   2.17948553
  -2.74837709   0.93924946  -0.21118534  -0.05154803   1.14454472   0.18477714
  -3.22632858   2.17772608   2.17752180
  -2.74966559   0.93840790  -0.21280848  -0.05294444   1.14562850   0.18686746
  -3.22364366   2.17748386   2.17705461

# redundant internal coordinates
#  nbonds nangles ndihedrals nimpropers ncartesians
# bond  definitions A B
# angle definitions A B C
# dihedral definitions A B C D
# improper torsion definitions A B C D
# cartesian definitions A x/y/z
$redundant_internals
 2 1 0 0 0
   1   0   0
   2   0   0
   1   0   2   0   0
$energies
 6
 -340.8366358798654119
 -340.8512333707780044
 -340.8558326794608888
 -340.8562638550261568
 -340.8562816085921554
 -340.8562822744779623

$gradients
 6 9
  -0.0032167601000944  -0.0020404739453518  -0.0040514694555276   0.0316873005443907
  -0.0087911255114548  -0.0168848221159348  -0.0284705404198445   0.0108315994575130
   0.0209362915715873
  -0.0008804677483798  -0.0005138757330960  -0.0011899033106211   0.0161614577644497
  -0.0048543431952526  -0.0092881718056401  -0.0152809899973377   0.0053682189227472
   0.0104780751169674
   0.0077342518481962   0.0050287221305894   0.0095439173925203  -0.0095602610017328
  -0.0006299470722785  -0.0012027840345436   0.0018260091666416  -0.0043987750626898
  -0.0083411333569208
   0.0010883627431612   0.0007500949066754   0.0013038355539597  -0.0002983263970421
  -0.0004114961464811  -0.0007812452709962  -0.0007900363279369  -0.0003385987680205
  -0.0005225902813873
   0.0002376611143585   0.0001918839825379   0.0002391638346199  -0.0000578064080492
  -0.0000718816971515  -0.0001320581856088  -0.0001798546964794  -0.0001200022918609
  -0.0001071056478246
   0.0000201507635579   0.0000473790287260  -0.0000363980616636   0.0000081029972051
   0.0000137779087891   0.0000316292620782  -0.0000282537538884  -0.0000611569457802
   0.0000047688014607

$redundant_coords
 6 3
   2.9664454540609495   2.9664454541532375   1.9722220489974389
   2.8238665080526939   2.8238431220026778   1.7963784414922146
   2.6866217487126582   2.6862806984066716   1.5793631846300629
   2.7313372447123774   2.7306911495835733   1.5948097924326226
   2.7334628946952173   2.7327977883490684   1.5826924148762518
   2.7340420974321900   2.7333880133836224   1.5796619730349735

$redundant_gradients
 6 3
   0.0322684608761524   0.0322737536213758   0.0534716807893020
   0.0155357950289596   0.0155693747852850   0.0321580679547642
  -0.0096713110865039  -0.0095854508463853  -0.0005387712579852
  -0.0004491684487743  -0.0004509276817283   0.0023407678466231
  -0.0000975752309164  -0.0001005288537053   0.0004677168297503
  -0.0000024133298276  -0.0000025768279309  -0.0000008702319213

$hessian_approx
 9 9
                  0          1          2          3          4          5    
      0       0.270189  -0.011989  -0.023657  -0.218029  -0.011002  -0.021008
      1      -0.011989   0.053506   0.102853  -0.003924  -0.009195  -0.017596
      2      -0.023657   0.102853   0.197717  -0.007312  -0.017556  -0.033599
      3      -0.218029  -0.003924  -0.007312   0.203914   0.003381   0.006468
      4      -0.011002  -0.009195  -0.017556   0.003381   0.004819   0.009209
      5      -0.021008  -0.017596  -0.033599   0.006468   0.009209   0.017600
      6      -0.052160   0.015912   0.030968   0.014115   0.007619   0.014541
      7       0.022991  -0.044312  -0.085297   0.000541   0.004375   0.008387
      8       0.044665  -0.085257  -0.164118   0.000844   0.008345   0.015999
                   6          7          8    
      0      -0.052160   0.022991   0.044665
      1       0.015912  -0.044312  -0.085257
      2       0.030968  -0.085297  -0.164118
      3       0.014115   0.000541   0.000844
      4       0.007619   0.004375   0.008345
      5       0.014541   0.008387   0.015999
      6       0.038044  -0.023532  -0.045509
      7      -0.023532   0.039936   0.076912
      8      -0.045509   0.076912   0.148120

$bmatrix
 3 9
                  0          1          2          3          4          5    
      0      -0.986350  -0.075793  -0.146185   0.986350   0.075793   0.146185
      1       0.173403  -0.453311  -0.874323   0.000000   0.000000   0.000000
      2       0.300076   0.195255   0.376597   0.060228  -0.166055  -0.320278
                   6          7          8    
      0       0.000000   0.000000   0.000000
      1      -0.173403   0.453311   0.874323
      2      -0.360304  -0.029200  -0.056319

